  1  0.0003598510  44
  1  0.0003807564  75
  1  0.0003598510  44
  1  0.0003807564  75
  2  0.0003600507  44
  2  0.0003769307  62
  2  0.0003600507  44
  2  0.0003769307  62
  3  0.0003607406  44
  3  0.0003715428  61
  3  0.0003590893  44
  3  0.0003768128  63
  4  0.0003612545  44
  4  0.0003694500  63
  4  0.0003612545  44
  4  0.0003694500  63
  5  0.0003645126  44
  5  0.0003474819  63
  5  0.0003645126  44
  5  0.0003474819  63
  6  0.0003689135  44
  6  0.0003852386  62
  6  0.0003689135  44
  6  0.0003852386  62
  7  0.0003744501  44
  7  0.0003473513  62
  7  0.0003744501  44
  7  0.0003473513  62
  8  0.0003810610  44
  8  0.0003785378  61
  8  0.0003810610  44
  8  0.0003785378  61
  9  0.0003886195  44
  9  0.0003403331  61
  9  0.0003705278  44
  9  0.0003403331  61
  10  0.0003738041  44
  10  0.0003676550  60
  10  0.0003738041  44
  10  0.0003676550  60
  11  0.0003821607  44
  11  0.0003940394  59
  11  0.0003821607  44
  11  0.0003940394  59
  12  0.0003905713  44
  12  0.0003503897  59
  12  0.0003905713  44
  12  0.0003330252  63
  13  0.0003986427  44
  13  0.0003919750  62
  13  0.0003669844  44
  13  0.0003697831  62
  14  0.0003379810  44
  14  0.0003523413  62
  14  0.0003646620  44
  14  0.0003523413  62
  15  0.0003452694  44
  15  0.0003325641  62
  15  0.0003632582  44
  15  0.0003325641  62
  16  0.0003553823  44
  16  0.0003768762  61
  16  0.0003617272  44
  16  0.0003768762  61
  17  0.0003644433  44
  17  0.0003515915  61
  17  0.0003601741  44
  17  0.0003515915  61
  18  0.0003726511  44
  18  0.0003941441  60
  18  0.0003586889  44
  18  0.0003941441  60
  19  0.0003784044  44
  19  0.0003662580  60
  19  0.0003573215  44
  19  0.0003662580  60
  20  0.0003835201  44
  20  0.0003384791  60
  20  0.0003560868  44
  20  0.0003384791  60
