 0  0.000000  0.000000  1.000000  1.000000  0.000600  384  58  0.39157924  reinitialized
 1  0.002635  0.002635  0.993519  1.000000  0.000600  416  70  0.12833127  reinitialized
 2  0.005269  0.005269  0.030235  0.323288  0.000600  416  69  0.12711989  reinitialized
 3  0.007904  0.007904  0.028942  0.304681  0.000600  412  66  0.12470176  reinitialized
 4  0.010538  0.010538  0.026048  0.276579  0.000600  412  68  0.12743010  reinitialized
 5  0.013173  0.013173  0.021439  0.240704  0.000600  412  58  0.06270482  reinitialized
 6  0.015807  0.015807  0.020621  0.210596  0.000600  412  58  0.06757157  reinitialized
 7  0.018442  0.018442  0.020199  0.184902  0.000600  412  58  0.06435861  reinitialized
 8  0.021076  0.021076  0.020586  0.164794  0.000600  412  58  0.08207390  reinitialized
 9  0.023711  0.023711  0.021610  0.171742  0.000600  412  58  0.07499389  reinitialized
 10  0.026346  0.026346  0.016077  0.133613  0.000600  416  58  0.06538445  reinitialized
 11  0.028980  0.028980  0.022154  0.186233  0.000600  416  58  0.08387768  reinitialized
 12  0.031615  0.031615  0.025875  0.191200  0.000600  416  58  0.07764659  reinitialized
 13  0.034249  0.034249  0.024402  0.194308  0.000600  412  58  0.07203530  reinitialized
 14  0.036884  0.036884  0.024109  0.196331  0.000600  412  58  0.07365444  reinitialized
 15  0.039518  0.039518  0.023804  0.197696  0.000600  412  58  0.07530155  reinitialized
 16  0.042153  0.042153  0.023472  0.198652  0.000600  412  58  0.07482783  reinitialized
 17  0.044787  0.044787  0.023240  0.199341  0.000600  412  58  0.05989247  reinitialized
 18  0.047422  0.047422  0.023061  0.199854  0.000600  412  58  0.06708244  reinitialized
 19  0.050056  0.050056  0.022883  0.200243  0.000600  412  58  0.06865509  reinitialized
 20  0.052691  0.052691  0.022759  0.200544  0.000600  412  58  0.06315412  reinitialized
