"x" "Density" "Velocity" "totalEnergy" "Temptature" "O2" "H2O" "H" "O" "OH" "H2" "HO2" "H2O2" "AR" 
   0.00000e+00    1.60082e-01   -1.14290e+03    1.31840e+00    3.07817e+03    3.74775e-02    2.09244e-01    1.95015e-03    1.35163e-02    4.16443e-02    6.94497e-03    1.30054e-05    9.63211e-07    6.89209e-01
   2.13371e-16    1.60082e-01   -1.14290e+03    1.31840e+00    3.07817e+03    3.74775e-02    2.09244e-01    1.95015e-03    1.35163e-02    4.16443e-02    6.94497e-03    1.30054e-05    9.63211e-07    6.89209e-01
   4.26742e-16    1.60082e-01   -1.14290e+03    1.31840e+00    3.07817e+03    3.74775e-02    2.09244e-01    1.95015e-03    1.35163e-02    4.16443e-02    6.94497e-03    1.30054e-05    9.63211e-07    6.89209e-01
   6.40113e-16    1.60082e-01   -1.14290e+03    1.31840e+00    3.07817e+03    3.74775e-02    2.09244e-01    1.95015e-03    1.35163e-02    4.16443e-02    6.94497e-03    1.30054e-05    9.63211e-07    6.89209e-01
   1.43115e-15    1.60082e-01   -1.14290e+03    1.31840e+00    3.07817e+03    3.74775e-02    2.09244e-01    1.95015e-03    1.35163e-02    4.16443e-02    6.94497e-03    1.30054e-05    9.63211e-07    6.89209e-01
   2.22218e-15    1.60082e-01   -1.14290e+03    1.31840e+00    3.07817e+03    3.74775e-02    2.09244e-01    1.95015e-03    1.35163e-02    4.16443e-02    6.94497e-03    1.30054e-05    9.63211e-07    6.89209e-01
   3.01321e-15    1.60082e-01   -1.14290e+03    1.31840e+00    3.07817e+03    3.74775e-02    2.09244e-01    1.95015e-03    1.35163e-02    4.16443e-02    6.94497e-03    1.30054e-05    9.63211e-07    6.89209e-01
   3.89098e-15    1.60082e-01   -1.14290e+03    1.31840e+00    3.07817e+03    3.74775e-02    2.09244e-01    1.95015e-03    1.35163e-02    4.16443e-02    6.94497e-03    1.30054e-05    9.63211e-07    6.89209e-01
   4.76875e-15    1.60082e-01   -1.14290e+03    1.31840e+00    3.07817e+03    3.74775e-02    2.09244e-01    1.95015e-03    1.35163e-02    4.16443e-02    6.94497e-03    1.30054e-05    9.63211e-07    6.89209e-01
   5.64652e-15    1.60082e-01   -1.14290e+03    1.31840e+00    3.07817e+03    3.74775e-02    2.09244e-01    1.95015e-03    1.35163e-02    4.16443e-02    6.94497e-03    1.30054e-05    9.63211e-07    6.89209e-01
   8.89913e-15    1.60082e-01   -1.14290e+03    1.31840e+00    3.07817e+03    3.74775e-02    2.09244e-01    1.95015e-03    1.35163e-02    4.16443e-02    6.94497e-03    1.30054e-05    9.63211e-07    6.89209e-01
   1.21517e-14    1.60082e-01   -1.14290e+03    1.31840e+00    3.07817e+03    3.74775e-02    2.09244e-01    1.95015e-03    1.35163e-02    4.16443e-02    6.94497e-03    1.30054e-05    9.63211e-07    6.89209e-01
   1.54043e-14    1.60082e-01   -1.14290e+03    1.31840e+00    3.07817e+03    3.74775e-02    2.09244e-01    1.95015e-03    1.35163e-02    4.16443e-02    6.94497e-03    1.30054e-05    9.63211e-07    6.89209e-01
   1.86570e-14    1.60082e-01   -1.14290e+03    1.31840e+00    3.07817e+03    3.74775e-02    2.09244e-01    1.95015e-03    1.35163e-02    4.16443e-02    6.94497e-03    1.30054e-05    9.63211e-07    6.89209e-01
   2.94990e-14    1.60083e-01   -1.14290e+03    1.31840e+00    3.07817e+03    3.74775e-02    2.09244e-01    1.95015e-03    1.35163e-02    4.16443e-02    6.94497e-03    1.30054e-05    9.63211e-07    6.89209e-01
   6.56385e-14    1.60083e-01   -1.14290e+03    1.31840e+00    3.07817e+03    3.74775e-02    2.09244e-01    1.95015e-03    1.35163e-02    4.16443e-02    6.94497e-03    1.30054e-05    9.63211e-07    6.89209e-01
   4.67187e-13    1.60083e-01   -1.14290e+03    1.31840e+00    3.07817e+03    3.74775e-02    2.09244e-01    1.95015e-03    1.35163e-02    4.16443e-02    6.94497e-03    1.30054e-05    9.63211e-07    6.89209e-01
   8.68736e-13    1.60083e-01   -1.14289e+03    1.31840e+00    3.07817e+03    3.74775e-02    2.09244e-01    1.95015e-03    1.35163e-02    4.16443e-02    6.94497e-03    1.30054e-05    9.63211e-07    6.89209e-01
   1.10744e-12    1.60083e-01   -1.14289e+03    1.31840e+00    3.07817e+03    3.74775e-02    2.09244e-01    1.95015e-03    1.35163e-02    4.16443e-02    6.94497e-03    1.30054e-05    9.63211e-07    6.89209e-01
   1.34614e-12    1.60083e-01   -1.14289e+03    1.31840e+00    3.07817e+03    3.74775e-02    2.09244e-01    1.95015e-03    1.35163e-02    4.16443e-02    6.94497e-03    1.30054e-05    9.63211e-07    6.89209e-01
   1.58485e-12    1.60083e-01   -1.14289e+03    1.31840e+00    3.07817e+03    3.74775e-02    2.09244e-01    1.95015e-03    1.35163e-02    4.16443e-02    6.94497e-03    1.30054e-05    9.63211e-07    6.89209e-01
   1.82355e-12    1.60083e-01   -1.14289e+03    1.31840e+00    3.07817e+03    3.74775e-02    2.09244e-01    1.95015e-03    1.35163e-02    4.16443e-02    6.94497e-03    1.30054e-05    9.63211e-07    6.89209e-01
   2.06225e-12    1.60083e-01   -1.14290e+03    1.31840e+00    3.07817e+03    3.74775e-02    2.09244e-01    1.95015e-03    1.35163e-02    4.16443e-02    6.94497e-03    1.30054e-05    9.63211e-07    6.89209e-01
   2.15714e-12    1.60082e-01   -1.14290e+03    1.31840e+00    3.07817e+03    3.74775e-02    2.09244e-01    1.95015e-03    1.35163e-02    4.16443e-02    6.94497e-03    1.30054e-05    9.63211e-07    6.89209e-01
   2.25203e-12    1.60082e-01   -1.14290e+03    1.31840e+00    3.07817e+03    3.74775e-02    2.09244e-01    1.95015e-03    1.35163e-02    4.16443e-02    6.94497e-03    1.30054e-05    9.63211e-07    6.89209e-01
   2.34692e-12    1.60082e-01   -1.14290e+03    1.31840e+00    3.07817e+03    3.74775e-02    2.09244e-01    1.95015e-03    1.35163e-02    4.16443e-02    6.94497e-03    1.30054e-05    9.63211e-07    6.89209e-01
   2.44180e-12    1.60082e-01   -1.14290e+03    1.31840e+00    3.07817e+03    3.74775e-02    2.09244e-01    1.95015e-03    1.35163e-02    4.16443e-02    6.94497e-03    1.30054e-05    9.63211e-07    6.89209e-01
   2.53669e-12    1.60082e-01   -1.14290e+03    1.31840e+00    3.07817e+03    3.74775e-02    2.09244e-01    1.95015e-03    1.35163e-02    4.16443e-02    6.94497e-03    1.30054e-05    9.63211e-07    6.89209e-01
   2.85299e-12    1.60082e-01   -1.14290e+03    1.31840e+00    3.07817e+03    3.74775e-02    2.09244e-01    1.95015e-03    1.35163e-02    4.16443e-02    6.94497e-03    1.30054e-05    9.63211e-07    6.89209e-01
   1.15685e-11    1.60082e-01   -1.14290e+03    1.31840e+00    3.07817e+03    3.74775e-02    2.09244e-01    1.95015e-03    1.35163e-02    4.16443e-02    6.94497e-03    1.30054e-05    9.63211e-07    6.89209e-01
   2.02839e-11    1.60083e-01   -1.14290e+03    1.31840e+00    3.07817e+03    3.74775e-02    2.09244e-01    1.95015e-03    1.35163e-02    4.16443e-02    6.94497e-03    1.30054e-05    9.63211e-07    6.89209e-01
   2.89993e-11    1.60084e-01   -1.14289e+03    1.31840e+00    3.07818e+03    3.74775e-02    2.09244e-01    1.95015e-03    1.35163e-02    4.16443e-02    6.94497e-03    1.30054e-05    9.63211e-07    6.89209e-01
   3.77147e-11    1.60084e-01   -1.14288e+03    1.31840e+00    3.07818e+03    3.74775e-02    2.09244e-01    1.95015e-03    1.35163e-02    4.16443e-02    6.94497e-03    1.30054e-05    9.63211e-07    6.89209e-01
   4.64300e-11    1.60085e-01   -1.14288e+03    1.31840e+00    3.07818e+03    3.74775e-02    2.09244e-01    1.95015e-03    1.35163e-02    4.16443e-02    6.94497e-03    1.30054e-05    9.63211e-07    6.89209e-01
   5.51453e-11    1.60085e-01   -1.14288e+03    1.31840e+00    3.07819e+03    3.74775e-02    2.09244e-01    1.95015e-03    1.35163e-02    4.16443e-02    6.94497e-03    1.30054e-05    9.63211e-07    6.89209e-01
   1.51981e-10    1.60087e-01   -1.14286e+03    1.31840e+00    3.07820e+03    3.74775e-02    2.09244e-01    1.95015e-03    1.35163e-02    4.16443e-02    6.94497e-03    1.30054e-05    9.63210e-07    6.89209e-01
   4.74761e-10    1.60092e-01   -1.14283e+03    1.31840e+00    3.07823e+03    3.74775e-02    2.09244e-01    1.95015e-03    1.35163e-02    4.16443e-02    6.94497e-03    1.30054e-05    9.63209e-07    6.89209e-01
   7.97534e-10    1.60095e-01   -1.14281e+03    1.31840e+00    3.07824e+03    3.74775e-02    2.09244e-01    1.95015e-03    1.35163e-02    4.16443e-02    6.94497e-03    1.30054e-05    9.63208e-07    6.89209e-01
   1.12030e-09    1.60097e-01   -1.14279e+03    1.31840e+00    3.07826e+03    3.74775e-02    2.09244e-01    1.95015e-03    1.35163e-02    4.16443e-02    6.94497e-03    1.30054e-05    9.63207e-07    6.89209e-01
   1.44306e-09    1.60099e-01   -1.14278e+03    1.31840e+00    3.07827e+03    3.74775e-02    2.09244e-01    1.95015e-03    1.35163e-02    4.16443e-02    6.94497e-03    1.30054e-05    9.63206e-07    6.89209e-01
   5.02912e-09    1.60114e-01   -1.14267e+03    1.31840e+00    3.07836e+03    3.74775e-02    2.09244e-01    1.95015e-03    1.35163e-02    4.16444e-02    6.94497e-03    1.30054e-05    9.63195e-07    6.89209e-01
   1.69811e-08    1.60141e-01   -1.14248e+03    1.31840e+00    3.07853e+03    3.74775e-02    2.09244e-01    1.95015e-03    1.35163e-02    4.16444e-02    6.94497e-03    1.30056e-05    9.63159e-07    6.89209e-01
   2.89314e-08    1.60158e-01   -1.14236e+03    1.31840e+00    3.07863e+03    3.74775e-02    2.09244e-01    1.95015e-03    1.35163e-02    4.16445e-02    6.94498e-03    1.30058e-05    9.63125e-07    6.89209e-01
   4.08807e-08    1.60171e-01   -1.14226e+03    1.31839e+00    3.07871e+03    3.74775e-02    2.09244e-01    1.95015e-03    1.35163e-02    4.16445e-02    6.94498e-03    1.30059e-05    9.63092e-07    6.89209e-01
   8.07052e-08    1.60206e-01   -1.14201e+03    1.31839e+00    3.07893e+03    3.74774e-02    2.09243e-01    1.95015e-03    1.35163e-02    4.16447e-02    6.94499e-03    1.30065e-05    9.62991e-07    6.89209e-01
   1.20522e-07    1.60233e-01   -1.14182e+03    1.31839e+00    3.07909e+03    3.74774e-02    2.09243e-01    1.95014e-03    1.35163e-02    4.16448e-02    6.94500e-03    1.30070e-05    9.62896e-07    6.89209e-01
   2.53205e-07    1.60301e-01   -1.14134e+03    1.31838e+00    3.07950e+03    3.74772e-02    2.09243e-01    1.95013e-03    1.35164e-02    4.16454e-02    6.94503e-03    1.30087e-05    9.62617e-07    6.89209e-01
   3.85840e-07    1.60351e-01   -1.14099e+03    1.31838e+00    3.07980e+03    3.74771e-02    2.09242e-01    1.95012e-03    1.35164e-02    4.16459e-02    6.94505e-03    1.30103e-05    9.62374e-07    6.89209e-01
   5.18437e-07    1.60392e-01   -1.14069e+03    1.31837e+00    3.08005e+03    3.74770e-02    2.09242e-01    1.95011e-03    1.35165e-02    4.16464e-02    6.94508e-03    1.30118e-05    9.62153e-07    6.89209e-01
   9.60217e-07    1.60501e-01   -1.13991e+03    1.31837e+00    3.08070e+03    3.74765e-02    2.09241e-01    1.95008e-03    1.35166e-02    4.16481e-02    6.94517e-03    1.30167e-05    9.61524e-07    6.89209e-01
   1.40173e-06    1.60586e-01   -1.13931e+03    1.31836e+00    3.08120e+03    3.74761e-02    2.09239e-01    1.95004e-03    1.35167e-02    4.16497e-02    6.94526e-03    1.30212e-05    9.61004e-07    6.89209e-01
   1.84304e-06    1.60657e-01   -1.13881e+03    1.31835e+00    3.08162e+03    3.74756e-02    2.09238e-01    1.95001e-03    1.35168e-02    4.16512e-02    6.94534e-03    1.30254e-05    9.60554e-07    6.89209e-01
   2.28415e-06    1.60720e-01   -1.13837e+03    1.31835e+00    3.08198e+03    3.74752e-02    2.09237e-01    1.94999e-03    1.35170e-02    4.16527e-02    6.94543e-03    1.30295e-05    9.60154e-07    6.89209e-01
   3.75345e-06    1.60893e-01   -1.13714e+03    1.31833e+00    3.08299e+03    3.74740e-02    2.09233e-01    1.94990e-03    1.35173e-02    4.16575e-02    6.94569e-03    1.30419e-05    9.59044e-07    6.89209e-01
   5.99920e-06    1.61096e-01   -1.13571e+03    1.31832e+00    3.08415e+03    3.74722e-02    2.09227e-01    1.94978e-03    1.35179e-02    4.16644e-02    6.94607e-03    1.30586e-05    9.57758e-07    6.89209e-01
   9.32275e-06    1.61331e-01   -1.13405e+03    1.31830e+00    3.08547e+03    3.74699e-02    2.09218e-01    1.94964e-03    1.35188e-02    4.16737e-02    6.94658e-03    1.30800e-05    9.56336e-07    6.89209e-01
   1.41351e-05    1.61600e-01   -1.13217e+03    1.31828e+00    3.08695e+03    3.74669e-02    2.09207e-01    1.94946e-03    1.35200e-02    4.16860e-02    6.94726e-03    1.31067e-05    9.54818e-07    6.89209e-01
   2.09331e-05    1.61903e-01   -1.13005e+03    1.31826e+00    3.08859e+03    3.74633e-02    2.09193e-01    1.94927e-03    1.35216e-02    4.17018e-02    6.94814e-03    1.31386e-05    9.53254e-07    6.89209e-01
   3.03615e-05    1.62242e-01   -1.12769e+03    1.31824e+00    3.09037e+03    3.74591e-02    2.09174e-01    1.94908e-03    1.35238e-02    4.17213e-02    6.94924e-03    1.31759e-05    9.51691e-07    6.89209e-01
   4.32318e-05    1.62618e-01   -1.12508e+03    1.31822e+00    3.09229e+03    3.74544e-02    2.09151e-01    1.94890e-03    1.35267e-02    4.17451e-02    6.95060e-03    1.32185e-05    9.50174e-07    6.89209e-01
   6.05795e-05    1.63035e-01   -1.12220e+03    1.31820e+00    3.09434e+03    3.74493e-02    2.09123e-01    1.94877e-03    1.35306e-02    4.17733e-02    6.95226e-03    1.32663e-05    9.48752e-07    6.89209e-01
   8.38335e-05    1.63495e-01   -1.11904e+03    1.31818e+00    3.09653e+03    3.74441e-02    2.09088e-01    1.94872e-03    1.35356e-02    4.18064e-02    6.95425e-03    1.33195e-05    9.47465e-07    6.89209e-01
   1.14452e-04    1.64000e-01   -1.11560e+03    1.31816e+00    3.09882e+03    3.74391e-02    2.09046e-01    1.94879e-03    1.35421e-02    4.18443e-02    6.95661e-03    1.33773e-05    9.46379e-07    6.89209e-01
   1.54359e-04    1.64551e-01   -1.11186e+03    1.31814e+00    3.10121e+03    3.74348e-02    2.08996e-01    1.94905e-03    1.35502e-02    4.18872e-02    6.95939e-03    1.34394e-05    9.45549e-07    6.89209e-01
   2.05892e-04    1.65150e-01   -1.10783e+03    1.31813e+00    3.10366e+03    3.74316e-02    2.08937e-01    1.94955e-03    1.35605e-02    4.19351e-02    6.96264e-03    1.35055e-05    9.45035e-07    6.89209e-01
   2.71880e-04    1.65802e-01   -1.10347e+03    1.31812e+00    3.10617e+03    3.74304e-02    2.08868e-01    1.95035e-03    1.35732e-02    4.19880e-02    6.96642e-03    1.35751e-05    9.44910e-07    6.89209e-01
   3.55705e-04    1.66511e-01   -1.09877e+03    1.31812e+00    3.10871e+03    3.74317e-02    2.08787e-01    1.95155e-03    1.35890e-02    4.20460e-02    6.97082e-03    1.36477e-05    9.45238e-07    6.89209e-01
   4.61410e-04    1.67282e-01   -1.09371e+03    1.31813e+00    3.11126e+03    3.74364e-02    2.08693e-01    1.95323e-03    1.36084e-02    4.21093e-02    6.97594e-03    1.37231e-05    9.46132e-07    6.89209e-01
   5.94132e-04    1.68125e-01   -1.08823e+03    1.31814e+00    3.11380e+03    3.74459e-02    2.08583e-01    1.95552e-03    1.36322e-02    4.21782e-02    6.98192e-03    1.38009e-05    9.47715e-07    6.89209e-01
   7.59954e-04    1.69053e-01   -1.08225e+03    1.31817e+00    3.11630e+03    3.74614e-02    2.08452e-01    1.95859e-03    1.36614e-02    4.22534e-02    6.98896e-03    1.38808e-05    9.50064e-07    6.89209e-01
   9.64720e-04    1.70078e-01   -1.07573e+03    1.31821e+00    3.11871e+03    3.74848e-02    2.08299e-01    1.96262e-03    1.36973e-02    4.23353e-02    6.99727e-03    1.39622e-05    9.53596e-07    6.89209e-01
   1.22192e-03    1.71251e-01   -1.06836e+03    1.31827e+00    3.12103e+03    3.75197e-02    2.08111e-01    1.96803e-03    1.37429e-02    4.24271e-02    7.00745e-03    1.40464e-05    9.58486e-07    6.89209e-01
   1.58080e-03    1.72775e-01   -1.05894e+03    1.31837e+00    3.12339e+03    3.75776e-02    2.07848e-01    1.97630e-03    1.38091e-02    4.25429e-02    7.02169e-03    1.41419e-05    9.66109e-07    6.89209e-01
   1.93659e-03    1.74236e-01   -1.05006e+03    1.31849e+00    3.12497e+03    3.76462e-02    2.07578e-01    1.98550e-03    1.38795e-02    4.26501e-02    7.03637e-03    1.42191e-05    9.75570e-07    6.89209e-01
   2.28942e-03    1.75696e-01   -1.04133e+03    1.31864e+00    3.12593e+03    3.77270e-02    2.07291e-01    1.99587e-03    1.39565e-02    4.27531e-02    7.05200e-03    1.42828e-05    9.86113e-07    6.89209e-01
   2.63930e-03    1.77202e-01   -1.03248e+03    1.31881e+00    3.12630e+03    3.78226e-02    2.06979e-01    2.00774e-03    1.40424e-02    4.28550e-02    7.06903e-03    1.43351e-05    9.97818e-07    6.89209e-01
   2.88945e-03    1.78339e-01   -1.02590e+03    1.31895e+00    3.12618e+03    3.79024e-02    2.06733e-01    2.01745e-03    1.41113e-02    4.29290e-02    7.08246e-03    1.43658e-05    1.00807e-06    6.89209e-01
   3.13798e-03    1.79537e-01   -1.01906e+03    1.31911e+00    3.12570e+03    3.79935e-02    2.06465e-01    2.02837e-03    1.41877e-02    4.30041e-02    7.09710e-03    1.43904e-05    1.01998e-06    6.89209e-01
   3.38480e-03    1.80812e-01   -1.01187e+03    1.31929e+00    3.12480e+03    3.80980e-02    2.06170e-01    2.04072e-03    1.42730e-02    4.30809e-02    7.11322e-03    1.44083e-05    1.03288e-06    6.89209e-01
   3.62982e-03    1.82184e-01   -1.00425e+03    1.31950e+00    3.12342e+03    3.82186e-02    2.05842e-01    2.05483e-03    1.43692e-02    4.31598e-02    7.13110e-03    1.44186e-05    1.04821e-06    6.89209e-01
   3.87293e-03    1.83673e-01   -9.96106e+02    1.31975e+00    3.12144e+03    3.83585e-02    2.05475e-01    2.07106e-03    1.44786e-02    4.32412e-02    7.15111e-03    1.44195e-05    1.06686e-06    6.89209e-01
   4.11399e-03    1.85305e-01   -9.87335e+02    1.32003e+00    3.11874e+03    3.85219e-02    2.05061e-01    2.08988e-03    1.46040e-02    4.33251e-02    7.17365e-03    1.44095e-05    1.08800e-06    6.89209e-01
   4.30318e-03    1.86716e-01   -9.79873e+02    1.32029e+00    3.11598e+03    3.86712e-02    2.04694e-01    2.10700e-03    1.47169e-02    4.33933e-02    7.19361e-03    1.43921e-05    1.10715e-06    6.89209e-01
   4.49089e-03    1.88251e-01   -9.71881e+02    1.32059e+00    3.11255e+03    3.88415e-02    2.04285e-01    2.12648e-03    1.48442e-02    4.34629e-02    7.21576e-03    1.43647e-05    1.13010e-06    6.89209e-01
   4.67700e-03    1.89932e-01   -9.63283e+02    1.32094e+00    3.10832e+03    3.90366e-02    2.03828e-01    2.14876e-03    1.49885e-02    4.35334e-02    7.24043e-03    1.43254e-05    1.15635e-06    6.89209e-01
   4.86139e-03    1.91780e-01   -9.53999e+02    1.32133e+00    3.10311e+03    3.92611e-02    2.03315e-01    2.17439e-03    1.51530e-02    4.36043e-02    7.26801e-03    1.42722e-05    1.18738e-06    6.89209e-01
   5.04392e-03    1.93825e-01   -9.43933e+02    1.32179e+00    3.09674e+03    3.95203e-02    2.02736e-01    2.20403e-03    1.53414e-02    4.36744e-02    7.29893e-03    1.42025e-05    1.22456e-06    6.89209e-01
   5.22444e-03    1.96100e-01   -9.32983e+02    1.32233e+00    3.08893e+03    3.98209e-02    2.02082e-01    2.23850e-03    1.55585e-02    4.37423e-02    7.33369e-03    1.41136e-05    1.26853e-06    6.89209e-01
   5.33149e-03    1.97589e-01   -9.25954e+02    1.32269e+00    3.08345e+03    4.00239e-02    2.01648e-01    2.26187e-03    1.57044e-02    4.37809e-02    7.35658e-03    1.40501e-05    1.29890e-06    6.89209e-01
   5.43770e-03    1.99184e-01   -9.18535e+02    1.32309e+00    3.07726e+03    4.02466e-02    2.01179e-01    2.28760e-03    1.58640e-02    4.38172e-02    7.38117e-03    1.39781e-05    1.33350e-06    6.89209e-01
   5.54304e-03    2.00899e-01   -9.10697e+02    1.32353e+00    3.07028e+03    4.04913e-02    2.00672e-01    2.31598e-03    1.60389e-02    4.38502e-02    7.40761e-03    1.38971e-05    1.37269e-06    6.89209e-01
   5.64746e-03    2.02745e-01   -9.02405e+02    1.32401e+00    3.06240e+03    4.07605e-02    2.00122e-01    2.34736e-03    1.62309e-02    4.38790e-02    7.43605e-03    1.38064e-05    1.41699e-06    6.89209e-01
   5.75088e-03    2.04737e-01   -8.93622e+02    1.32455e+00    3.05351e+03    4.10573e-02    1.99526e-01    2.38215e-03    1.64421e-02    4.39021e-02    7.46663e-03    1.37057e-05    1.46699e-06    6.89209e-01
   5.85327e-03    2.06894e-01   -8.84307e+02    1.32514e+00    3.04345e+03    4.13848e-02    1.98878e-01    2.42080e-03    1.66748e-02    4.39178e-02    7.49951e-03    1.35950e-05    1.52476e-06    6.89209e-01
   5.92830e-03    2.08606e-01   -8.77049e+02    1.32563e+00    3.03518e+03    4.16492e-02    1.98363e-01    2.45218e-03    1.68625e-02    4.39234e-02    7.52541e-03    1.35066e-05    1.57298e-06    6.89209e-01
   6.00270e-03    2.10428e-01   -8.69455e+02    1.32615e+00    3.02612e+03    4.19344e-02    1.97815e-01    2.48623e-03    1.70646e-02    4.39227e-02    7.55272e-03    1.34130e-05    1.62676e-06    6.89209e-01
   6.07644e-03    2.12370e-01   -8.61504e+02    1.32672e+00    3.01619e+03    4.22423e-02    1.97232e-01    2.52322e-03    1.72826e-02    4.39145e-02    7.58151e-03    1.33145e-05    1.68718e-06    6.89209e-01
   6.14948e-03    2.14444e-01   -8.53172e+02    1.32733e+00    3.00530e+03    4.25752e-02    1.96610e-01    2.56348e-03    1.75180e-02    4.38971e-02    7.61183e-03    1.32118e-05    1.75467e-06    6.89209e-01
   6.22179e-03    2.16664e-01   -8.44431e+02    1.32800e+00    2.99334e+03    4.29357e-02    1.95948e-01    2.60737e-03    1.77726e-02    4.38689e-02    7.64376e-03    1.31058e-05    1.83036e-06    6.89209e-01
   6.28157e-03    2.18639e-01   -8.36802e+02    1.32860e+00    2.98247e+03    4.32597e-02    1.95361e-01    2.64709e-03    1.80010e-02    4.38354e-02    7.67166e-03    1.30157e-05    1.90362e-06    6.89209e-01
   6.34078e-03    2.20737e-01   -8.28850e+02    1.32925e+00    2.97069e+03    4.36068e-02    1.94742e-01    2.68992e-03    1.82454e-02    4.37913e-02    7.70074e-03    1.29251e-05    1.98316e-06    6.89209e-01
   6.39942e-03    2.22969e-01   -8.20553e+02    1.32995e+00    2.95794e+03    4.39791e-02    1.94088e-01    2.73616e-03    1.85070e-02    4.37349e-02    7.73103e-03    1.28355e-05    2.07378e-06    6.89209e-01
   6.45746e-03    2.25349e-01   -8.11887e+02    1.33070e+00    2.94411e+03    4.43792e-02    1.93397e-01    2.78620e-03    1.87874e-02    4.36640e-02    7.76253e-03    1.27483e-05    2.17317e-06    6.89209e-01
   6.51486e-03    2.27893e-01   -8.02825e+02    1.33151e+00    2.92910e+03    4.48098e-02    1.92666e-01    2.84044e-03    1.90883e-02    4.35761e-02    7.79526e-03    1.26657e-05    2.28783e-06    6.89209e-01
   6.57161e-03    2.30618e-01   -7.93338e+02    1.33239e+00    2.91279e+03    4.52742e-02    1.91893e-01    2.89937e-03    1.94117e-02    4.34685e-02    7.82922e-03    1.25903e-05    2.41874e-06    6.89209e-01
   6.61683e-03    2.32960e-01   -7.85360e+02    1.33315e+00    2.89860e+03    4.56757e-02    1.91237e-01    2.95064e-03    1.96900e-02    4.33650e-02    7.85748e-03    1.25369e-05    2.53743e-06    6.89209e-01
   6.66159e-03    2.35448e-01   -7.77063e+02    1.33397e+00    2.88340e+03    4.61039e-02    1.90550e-01    3.00566e-03    1.99857e-02    4.32443e-02    7.88652e-03    1.24923e-05    2.67037e-06    6.89209e-01
   6.70586e-03    2.38096e-01   -7.68421e+02    1.33484e+00    2.86708e+03    4.65617e-02    1.89829e-01    3.06483e-03    2.03000e-02    4.31037e-02    7.91633e-03    1.24590e-05    2.82070e-06    6.89209e-01
   6.74963e-03    2.40922e-01   -7.59409e+02    1.33578e+00    2.84953e+03    4.70523e-02    1.89073e-01    3.12858e-03    2.06346e-02    4.29402e-02    7.94688e-03    1.24400e-05    2.99153e-06    6.89209e-01
   6.79287e-03    2.43946e-01   -7.49993e+02    1.33678e+00    2.83064e+03    4.75797e-02    1.88278e-01    3.19746e-03    2.09913e-02    4.27503e-02    7.97816e-03    1.24389e-05    3.18620e-06    6.89209e-01
   6.82035e-03    2.46005e-01   -7.43715e+02    1.33747e+00    2.81772e+03    4.79401e-02    1.87746e-01    3.24469e-03    2.12330e-02    4.26124e-02    7.99862e-03    1.24496e-05    3.32596e-06    6.89209e-01
   6.84759e-03    2.48164e-01   -7.37245e+02    1.33820e+00    2.80415e+03    4.83192e-02    1.87196e-01    3.29447e-03    2.14851e-02    4.24604e-02    8.01939e-03    1.24709e-05    3.47965e-06    6.89209e-01
   6.87459e-03    2.50432e-01   -7.30570e+02    1.33896e+00    2.78986e+03    4.87188e-02    1.86627e-01    3.34700e-03    2.17483e-02    4.22929e-02    8.04046e-03    1.25045e-05    3.64876e-06    6.89209e-01
   6.90134e-03    2.52817e-01   -7.23677e+02    1.33976e+00    2.77482e+03    4.91413e-02    1.86038e-01    3.40252e-03    2.20231e-02    4.21080e-02    8.06186e-03    1.25522e-05    3.83604e-06    6.89209e-01
   6.92784e-03    2.55332e-01   -7.16549e+02    1.34061e+00    2.75894e+03    4.95893e-02    1.85426e-01    3.46129e-03    2.23103e-02    4.19038e-02    8.08364e-03    1.26162e-05    4.04413e-06    6.89209e-01
   6.94804e-03    2.57363e-01   -7.10895e+02    1.34130e+00    2.74613e+03    4.99536e-02    1.84939e-01    3.50887e-03    2.25399e-02    4.17319e-02    8.10072e-03    1.26781e-05    4.21952e-06    6.89209e-01
   6.96808e-03    2.59484e-01   -7.05084e+02    1.34201e+00    2.73276e+03    5.03371e-02    1.84437e-01    3.55868e-03    2.27773e-02    4.15459e-02    8.11814e-03    1.27527e-05    4.41073e-06    6.89209e-01
   6.98795e-03    2.61703e-01   -6.99105e+02    1.34276e+00    2.71878e+03    5.07422e-02    1.83918e-01    3.61086e-03    2.30227e-02    4.13443e-02    8.13601e-03    1.28414e-05    4.62290e-06    6.89209e-01
   7.00765e-03    2.64028e-01   -6.92949e+02    1.34355e+00    2.70416e+03    5.11720e-02    1.83379e-01    3.66555e-03    2.32762e-02    4.11255e-02    8.15448e-03    1.29462e-05    4.85306e-06    6.89209e-01
   7.02717e-03    2.66468e-01   -6.86603e+02    1.34437e+00    2.68886e+03    5.16304e-02    1.82820e-01    3.72293e-03    2.35378e-02    4.08875e-02    8.17375e-03    1.30694e-05    5.10677e-06    6.89209e-01
   7.04651e-03    2.69034e-01   -6.80055e+02    1.34524e+00    2.67281e+03    5.21223e-02    1.82237e-01    3.78316e-03    2.38073e-02    4.06284e-02    8.19413e-03    1.32137e-05    5.38859e-06    6.89209e-01
   7.06286e-03    2.71331e-01   -6.74297e+02    1.34601e+00    2.65849e+03    5.25732e-02    1.81717e-01    3.83692e-03    2.40432e-02    4.03886e-02    8.21272e-03    1.33557e-05    5.65269e-06    6.89209e-01
   7.07907e-03    2.73737e-01   -6.68372e+02    1.34682e+00    2.64355e+03    5.30580e-02    1.81174e-01    3.89296e-03    2.42839e-02    4.01298e-02    8.23281e-03    1.35179e-05    5.94129e-06    6.89209e-01
   7.09514e-03    2.76259e-01   -6.62270e+02    1.34767e+00    2.62795e+03    5.35833e-02    1.80603e-01    3.95135e-03    2.45287e-02    3.98498e-02    8.25489e-03    1.37030e-05    6.25898e-06    6.89209e-01
   7.11106e-03    2.78909e-01   -6.55978e+02    1.34856e+00    2.61164e+03    5.41568e-02    1.79999e-01    4.01217e-03    2.47766e-02    3.95466e-02    8.27964e-03    1.39146e-05    6.61285e-06    6.89209e-01
   7.12682e-03    2.81697e-01   -6.49485e+02    1.34949e+00    2.59458e+03    5.47887e-02    1.79355e-01    4.07541e-03    2.50259e-02    3.92174e-02    8.30796e-03    1.41568e-05    6.99651e-06    6.89209e-01
   7.14242e-03    2.84636e-01   -6.42778e+02    1.35047e+00    2.57670e+03    5.54917e-02    1.78662e-01    4.14107e-03    2.52743e-02    3.88593e-02    8.34103e-03    1.44349e-05    7.43074e-06    6.89209e-01
   7.15786e-03    2.87741e-01   -6.35842e+02    1.35150e+00    2.55794e+03    5.62820e-02    1.77909e-01    4.20905e-03    2.55190e-02    3.84691e-02    8.38040e-03    1.47550e-05    7.91328e-06    6.89209e-01
   7.17155e-03    2.90676e-01   -6.29423e+02    1.35248e+00    2.54035e+03    5.70804e-02    1.77172e-01    4.27175e-03    2.57318e-02    3.80892e-02    8.42267e-03    1.50839e-05    8.39633e-06    6.89209e-01
   7.18509e-03    2.93768e-01   -6.22797e+02    1.35350e+00    2.52196e+03    5.79833e-02    1.76361e-01    4.33591e-03    2.59348e-02    3.76776e-02    8.47352e-03    1.54595e-05    8.93115e-06    6.89209e-01
   7.19849e-03    2.97032e-01   -6.15952e+02    1.35457e+00    2.50271e+03    5.90126e-02    1.75462e-01    4.40118e-03    2.61233e-02    3.72310e-02    8.53532e-03    1.58899e-05    9.52592e-06    6.89209e-01
   7.21174e-03    3.00483e-01   -6.08879e+02    1.35570e+00    2.48256e+03    6.01954e-02    1.74453e-01    4.46705e-03    2.62917e-02    3.67459e-02    8.61104e-03    1.63849e-05    1.01952e-05    6.89209e-01
   7.22483e-03    3.04137e-01   -6.01565e+02    1.35689e+00    2.46145e+03    6.15640e-02    1.73310e-01    4.53283e-03    2.64331e-02    3.62184e-02    8.70435e-03    1.69561e-05    1.09462e-05    6.89209e-01
   7.23776e-03    3.08010e-01   -5.94000e+02    1.35815e+00    2.43933e+03    6.31569e-02    1.72004e-01    4.59760e-03    2.65392e-02    3.56445e-02    8.81976e-03    1.76171e-05    1.17926e-05    6.89209e-01
   7.25053e-03    3.12120e-01   -5.86178e+02    1.35948e+00    2.41615e+03    6.50192e-02    1.70498e-01    4.66014e-03    2.66003e-02    3.50196e-02    8.96269e-03    1.83837e-05    1.27524e-05    6.89209e-01
   7.26196e-03    3.16067e-01   -5.78857e+02    1.36074e+00    2.39419e+03    6.69842e-02    1.68926e-01    4.71362e-03    2.66077e-02    3.44052e-02    9.12146e-03    1.91853e-05    1.37295e-05    6.89209e-01
   7.27324e-03    3.20237e-01   -5.71320e+02    1.36207e+00    2.37131e+03    6.92572e-02    1.67121e-01    4.76259e-03    2.65601e-02    3.37416e-02    9.31372e-03    2.01038e-05    1.48253e-05    6.89209e-01
   7.28437e-03    3.24642e-01   -5.63568e+02    1.36346e+00    2.34750e+03    7.18859e-02    1.65044e-01    4.80535e-03    2.64478e-02    3.30250e-02    9.54576e-03    2.11552e-05    1.60588e-05    6.89209e-01
   7.29534e-03    3.29292e-01   -5.55611e+02    1.36492e+00    2.32277e+03    7.49209e-02    1.62653e-01    4.83991e-03    2.62609e-02    3.22520e-02    9.82445e-03    2.23558e-05    1.74410e-05    6.89209e-01
   7.30616e-03    3.34192e-01   -5.47464e+02    1.36644e+00    2.29716e+03    7.84140e-02    1.59905e-01    4.86403e-03    2.59896e-02    3.14189e-02    1.01571e-02    2.37223e-05    1.89826e-05    6.89209e-01
   7.31682e-03    3.39345e-01   -5.39150e+02    1.36803e+00    2.27072e+03    8.24155e-02    1.56755e-01    4.87525e-03    2.56248e-02    3.05229e-02    1.05513e-02    2.52687e-05    2.07013e-05    6.89209e-01
   7.32731e-03    3.44745e-01   -5.30704e+02    1.36968e+00    2.24356e+03    8.69713e-02    1.53165e-01    4.87093e-03    2.51588e-02    2.95616e-02    1.10143e-02    2.70049e-05    2.25962e-05    6.89209e-01
   7.33689e-03    3.49966e-01   -5.22788e+02    1.37125e+00    2.21783e+03    9.17264e-02    1.49408e-01    4.85072e-03    2.46310e-02    2.86101e-02    1.15110e-02    2.87901e-05    2.44955e-05    6.89209e-01
   7.34633e-03    3.55368e-01   -5.14840e+02    1.37287e+00    2.19174e+03    9.70110e-02    1.45223e-01    4.81284e-03    2.40090e-02    2.76013e-02    1.20769e-02    3.07415e-05    2.65049e-05    6.89209e-01
   7.35563e-03    3.60926e-01   -5.06912e+02    1.37452e+00    2.16546e+03    1.02833e-01    1.40597e-01    4.75549e-03    2.32927e-02    2.65364e-02    1.27148e-02    3.28470e-05    2.85738e-05    6.89209e-01
   7.36478e-03    3.66602e-01   -4.99064e+02    1.37618e+00    2.13921e+03    1.09185e-01    1.35534e-01    4.67720e-03    2.24852e-02    2.54184e-02    1.34258e-02    3.50861e-05    3.06091e-05    6.89209e-01
   7.37379e-03    3.72349e-01   -4.91361e+02    1.37785e+00    2.11321e+03    1.16043e-01    1.30049e-01    4.57703e-03    2.15920e-02    2.42519e-02    1.42088e-02    3.74320e-05    3.24767e-05    6.89209e-01
   7.38267e-03    3.78114e-01   -4.83870e+02    1.37950e+00    2.08772e+03    1.23365e-01    1.24172e-01    4.45464e-03    2.06216e-02    2.30432e-02    1.50603e-02    3.98450e-05    3.40156e-05    6.89209e-01
   7.39140e-03    3.83833e-01   -4.76660e+02    1.38112e+00    2.06300e+03    1.31095e-01    1.17949e-01    4.31039e-03    1.95850e-02    2.18002e-02    1.59745e-02    4.22767e-05    3.50439e-05    6.89209e-01
   7.40195e-03    3.90694e-01   -4.68289e+02    1.38304e+00    2.03407e+03    1.41027e-01    1.09926e-01    4.10516e-03    1.82413e-02    2.02415e-02    1.71698e-02    4.52120e-05    3.53576e-05    6.89209e-01
   7.41232e-03    3.97270e-01   -4.60538e+02    1.38485e+00    2.00708e+03    1.51301e-01    1.01599e-01    3.87221e-03    1.68437e-02    1.86640e-02    1.84280e-02    4.79981e-05    3.44487e-05    6.89209e-01
   7.42253e-03    4.03451e-01   -4.53483e+02    1.38653e+00    1.98236e+03    1.61742e-01    9.31153e-02    3.61648e-03    1.54201e-02    1.70875e-02    1.97267e-02    5.05429e-05    3.23293e-05    6.89209e-01
   7.43258e-03    4.09147e-01   -4.47169e+02    1.38806e+00    1.96012e+03    1.72169e-01    8.46246e-02    3.34403e-03    1.39978e-02    1.55318e-02    2.10416e-02    5.27777e-05    2.92189e-05    6.89209e-01
   7.44250e-03    4.14299e-01   -4.41608e+02    1.38942e+00    1.94046e+03    1.82409e-01    7.62738e-02    3.06154e-03    1.26023e-02    1.40158e-02    2.23486e-02    5.46502e-05    2.54766e-05    6.89209e-01
   7.45231e-03    4.18877e-01   -4.36782e+02    1.39063e+00    1.92334e+03    1.92304e-01    6.81962e-02    2.77583e-03    1.12558e-02    1.25567e-02    2.36249e-02    5.61422e-05    2.14946e-05    6.89209e-01
   7.46201e-03    4.22881e-01   -4.32646e+02    1.39167e+00    1.90866e+03    2.01720e-01    6.05056e-02    2.49337e-03    9.97694e-03    1.11695e-02    2.48504e-02    5.72636e-05    1.76118e-05    6.89209e-01
   7.47163e-03    4.26335e-01   -4.29141e+02    1.39256e+00    1.89620e+03    2.10552e-01    5.32915e-02    2.21991e-03    8.77995e-03    9.86681e-03    2.60086e-02    5.80409e-05    1.40686e-05    6.89209e-01
   7.48067e-03    4.29135e-01   -4.26341e+02    1.39328e+00    1.88625e+03    2.18302e-01    4.69619e-02    1.97371e-03    7.73168e-03    8.72053e-03    2.70312e-02    5.84975e-05    1.11512e-05    6.89209e-01
   7.48965e-03    4.31524e-01   -4.23981e+02    1.39389e+00    1.87787e+03    2.25422e-01    4.11494e-02    1.74280e-03    6.77059e-03    7.66383e-03    2.79754e-02    5.87328e-05    8.69860e-06    6.89209e-01
   7.49859e-03    4.33549e-01   -4.22000e+02    1.39441e+00    1.87084e+03    2.31893e-01    3.58682e-02    1.52928e-03    5.89857e-03    6.69948e-03    2.88372e-02    5.87939e-05    6.69882e-06    6.89209e-01
   7.50749e-03    4.35259e-01   -4.20342e+02    1.39484e+00    1.86498e+03    2.37718e-01    3.11163e-02    1.33430e-03    5.11488e-03    5.82778e-03    2.96157e-02    5.87227e-05    5.10869e-06    6.89209e-01
   7.51636e-03    4.36697e-01   -4.18958e+02    1.39521e+00    1.86008e+03    2.42916e-01    2.68782e-02    1.15826e-03    4.41667e-03    5.04682e-03    3.03124e-02    5.85537e-05    3.87005e-06    6.89209e-01
   7.52520e-03    4.37905e-01   -4.17803e+02    1.39552e+00    1.85601e+03    2.47518e-01    2.31281e-02    1.00088e-03    3.79945e-03    4.35285e-03    3.09306e-02    5.83266e-05    2.92127e-06    6.89209e-01
   7.53401e-03    4.38917e-01   -4.16840e+02    1.39577e+00    1.85262e+03    2.51563e-01    1.98333e-02    8.61438e-04    3.25763e-03    3.74074e-03    3.14751e-02    5.80723e-05    2.20429e-06    6.89209e-01
   7.54478e-03    4.39934e-01   -4.15876e+02    1.39603e+00    1.84924e+03    2.55821e-01    1.63659e-02    7.13554e-04    2.68789e-03    3.09406e-03    3.20494e-02    5.77350e-05    1.56849e-06    6.89209e-01
   7.55553e-03    4.40753e-01   -4.15103e+02    1.39624e+00    1.84653e+03    2.59400e-01    1.34527e-02    5.88440e-04    2.20959e-03    2.54865e-03    3.25328e-02    5.73621e-05    1.12796e-06    6.89209e-01
   7.56625e-03    4.41411e-01   -4.14484e+02    1.39640e+00    1.84437e+03    2.62388e-01    1.10219e-02    4.83464e-04    1.81075e-03    2.09203e-03    3.29369e-02    5.69053e-05    8.24606e-07    6.89209e-01
   7.57696e-03    4.41940e-01   -4.13988e+02    1.39654e+00    1.84264e+03    2.64868e-01    9.00550e-03    3.95992e-04    1.48008e-03    1.71211e-03    3.32726e-02    5.62646e-05    6.15804e-07    6.89209e-01
   7.58766e-03    4.42366e-01   -4.13590e+02    1.39664e+00    1.84125e+03    2.66916e-01    7.34105e-03    3.23521e-04    1.20722e-03    1.39765e-03    3.35500e-02    5.53018e-05    4.71188e-07    6.89209e-01
   7.59740e-03    4.42679e-01   -4.13297e+02    1.39672e+00    1.84023e+03    2.68462e-01    6.08482e-03    2.68662e-04    1.00131e-03    1.15977e-03    3.37596e-02    5.40297e-05    3.77450e-07    6.89209e-01
   7.60712e-03    4.42935e-01   -4.13058e+02    1.39679e+00    1.83940e+03    2.69754e-01    5.03687e-03    2.22786e-04    8.29528e-04    9.60927e-04    3.39346e-02    5.23101e-05    3.08422e-07    6.89209e-01
   7.61684e-03    4.43145e-01   -4.12863e+02    1.39684e+00    1.83872e+03    2.70829e-01    4.16476e-03    1.84524e-04    6.86532e-04    7.95180e-04    3.40803e-02    5.01386e-05    2.56565e-07    6.89209e-01
   7.62656e-03    4.43315e-01   -4.12704e+02    1.39689e+00    1.83817e+03    2.71724e-01    3.44046e-03    1.52683e-04    5.67717e-04    6.57337e-04    3.42015e-02    4.75650e-05    2.16752e-07    6.89209e-01
   7.63627e-03    4.43454e-01   -4.12575e+02    1.39692e+00    1.83772e+03    2.72466e-01    2.83991e-03    1.26234e-04    4.69143e-04    5.42928e-04    3.43020e-02    4.46827e-05    1.85522e-07    6.89209e-01
   7.64598e-03    4.43566e-01   -4.12470e+02    1.39695e+00    1.83736e+03    2.73081e-01    2.34267e-03    1.04297e-04    3.87463e-04    4.48125e-04    3.43853e-02    4.16066e-05    1.60541e-07    6.89209e-01
   7.65569e-03    4.43658e-01   -4.12385e+02    1.39698e+00    1.83706e+03    2.73591e-01    1.93140e-03    8.61246e-05    3.19852e-04    3.69676e-04    3.44543e-02    3.84540e-05    1.40225e-07    6.89209e-01
   7.66419e-03    4.43724e-01   -4.12324e+02    1.39699e+00    1.83685e+03    2.73965e-01    1.63028e-03    7.28002e-05    2.70306e-04    3.12219e-04    3.45048e-02    3.57126e-05    1.25388e-07    6.89209e-01
   7.67269e-03    4.43779e-01   -4.12273e+02    1.39701e+00    1.83667e+03    2.74281e-01    1.37564e-03    6.15188e-05    2.28373e-04    2.63622e-04    3.45475e-02    3.30509e-05    1.12750e-07    6.89209e-01
   7.68119e-03    4.43825e-01   -4.12230e+02    1.39702e+00    1.83652e+03    2.74549e-01    1.16040e-03    5.19722e-05    1.92901e-04    2.22541e-04    3.45837e-02    3.05123e-05    1.01908e-07    6.89209e-01
   7.68969e-03    4.43863e-01   -4.12195e+02    1.39703e+00    1.83640e+03    2.74775e-01    9.78535e-04    4.38972e-05    1.62905e-04    1.87829e-04    3.46142e-02    2.81269e-05    9.25493e-08    6.89209e-01
   7.69819e-03    4.43895e-01   -4.12165e+02    1.39704e+00    1.83630e+03    2.74967e-01    8.24922e-04    3.70697e-05    1.37549e-04    1.58508e-04    3.46400e-02    2.59121e-05    8.44269e-08    6.89209e-01
   7.70669e-03    4.43921e-01   -4.12140e+02    1.39705e+00    1.83621e+03    2.75129e-01    6.95205e-04    3.12986e-05    1.16119e-04    1.33746e-04    3.46619e-02    2.38757e-05    7.73412e-08    6.89209e-01
   7.71519e-03    4.43943e-01   -4.12120e+02    1.39705e+00    1.83614e+03    2.75266e-01    5.85690e-04    2.64218e-05    9.80129e-05    1.12840e-04    3.46803e-02    2.20174e-05    7.11285e-08    6.89209e-01
   7.72344e-03    4.43961e-01   -4.12103e+02    1.39706e+00    1.83608e+03    2.75378e-01    4.95729e-04    2.24121e-05    8.31278e-05    9.56637e-05    3.46954e-02    2.03779e-05    6.58036e-08    6.89209e-01
   7.73168e-03    4.43976e-01   -4.12089e+02    1.39706e+00    1.83603e+03    2.75474e-01    4.19434e-04    1.90085e-05    7.04936e-05    8.10942e-05    3.47083e-02    1.88916e-05    6.10701e-08    6.89209e-01
   7.73993e-03    4.43989e-01   -4.12078e+02    1.39707e+00    1.83599e+03    2.75555e-01    3.54739e-04    1.61198e-05    5.97716e-05    6.87366e-05    3.47192e-02    1.75475e-05    5.68401e-08    6.89209e-01
   7.74818e-03    4.43999e-01   -4.12068e+02    1.39707e+00    1.83596e+03    2.75624e-01    2.99890e-04    1.36685e-05    5.06735e-05    5.82559e-05    3.47284e-02    1.63333e-05    5.30395e-08    6.89209e-01
   7.75643e-03    4.44008e-01   -4.12060e+02    1.39707e+00    1.83593e+03    2.75682e-01    2.53396e-04    1.15885e-05    4.29541e-05    4.93675e-05    3.47363e-02    1.52364e-05    4.96049e-08    6.89209e-01
   7.76468e-03    4.44015e-01   -4.12053e+02    1.39707e+00    1.83591e+03    2.75732e-01    2.13988e-04    9.82375e-06    3.64045e-05    4.18294e-05    3.47429e-02    1.42445e-05    4.64824e-08    6.89209e-01
   7.77293e-03    4.44021e-01   -4.12047e+02    1.39708e+00    1.83589e+03    2.75774e-01    1.80589e-04    8.32634e-06    3.08475e-05    3.54361e-05    3.47486e-02    1.33457e-05    4.36263e-08    6.89209e-01
   7.78110e-03    4.44026e-01   -4.12043e+02    1.39708e+00    1.83587e+03    2.75809e-01    1.52510e-04    7.06585e-06    2.61698e-05    3.00562e-05    3.47533e-02    1.25357e-05    4.10190e-08    6.89209e-01
   7.78928e-03    4.44030e-01   -4.12039e+02    1.39708e+00    1.83586e+03    2.75839e-01    1.28693e-04    5.99517e-06    2.21966e-05    2.54881e-05    3.47573e-02    1.17965e-05    3.86029e-08    6.89209e-01
   7.79746e-03    4.44034e-01   -4.12036e+02    1.39708e+00    1.83585e+03    2.75865e-01    1.08496e-04    5.08580e-06    1.88221e-05    2.16093e-05    3.47608e-02    1.11192e-05    3.63503e-08    6.89209e-01
   7.80564e-03    4.44037e-01   -4.12033e+02    1.39708e+00    1.83584e+03    2.75887e-01    9.13749e-05    4.31349e-06    1.59562e-05    1.83159e-05    3.47637e-02    1.04958e-05    3.42378e-08    6.89209e-01
   7.81381e-03    4.44039e-01   -4.12031e+02    1.39708e+00    1.83583e+03    2.75905e-01    7.68638e-05    3.65755e-06    1.35222e-05    1.55195e-05    3.47661e-02    9.91908e-06    3.22452e-08    6.89209e-01
   7.82396e-03    4.44041e-01   -4.12029e+02    1.39708e+00    1.83582e+03    2.75925e-01    6.19033e-05    2.97945e-06    1.10060e-05    1.26293e-05    3.47687e-02    9.25910e-06    2.99153e-08    6.89209e-01
   7.83410e-03    4.44043e-01   -4.12028e+02    1.39708e+00    1.83582e+03    2.75940e-01    4.97325e-05    2.42580e-06    8.95162e-06    1.02702e-05    3.47707e-02    8.65074e-06    2.77170e-08    6.89209e-01
   7.84424e-03    4.44044e-01   -4.12026e+02    1.39708e+00    1.83581e+03    2.75953e-01    3.98394e-05    1.97379e-06    7.27443e-06    8.34451e-06    3.47724e-02    8.08513e-06    2.56287e-08    6.89209e-01
   7.85438e-03    4.44045e-01   -4.12026e+02    1.39708e+00    1.83581e+03    2.75964e-01    3.18048e-05    1.60474e-06    5.90509e-06    6.77258e-06    3.47738e-02    7.55473e-06    2.36329e-08    6.89209e-01
   7.86676e-03    4.44046e-01   -4.12025e+02    1.39708e+00    1.83581e+03    2.75974e-01    2.40171e-05    1.24443e-06    4.56823e-06    5.23821e-06    3.47752e-02    6.94561e-06    2.13009e-08    6.89209e-01
   7.87915e-03    4.44046e-01   -4.12025e+02    1.39708e+00    1.83581e+03    2.75982e-01    1.80014e-05    9.63265e-07    3.52510e-06    4.04113e-06    3.47762e-02    6.37044e-06    1.90678e-08    6.89209e-01
   7.89153e-03    4.44046e-01   -4.12025e+02    1.39708e+00    1.83581e+03    2.75988e-01    1.33675e-05    7.43846e-07    2.71106e-06    3.10707e-06    3.47770e-02    5.82166e-06    1.69208e-08    6.89209e-01
   7.90753e-03    4.44046e-01   -4.12025e+02    1.39708e+00    1.83581e+03    2.75994e-01    8.93551e-06    5.29875e-07    1.91727e-06    2.19637e-06    3.47778e-02    5.14220e-06    1.42627e-08    6.89209e-01
   7.92352e-03    4.44045e-01   -4.12025e+02    1.39708e+00    1.83581e+03    2.75999e-01    5.81750e-06    3.74677e-07    1.34166e-06    1.53606e-06    3.47784e-02    4.48709e-06    1.17305e-08    6.89209e-01
   7.93952e-03    4.44044e-01   -4.12026e+02    1.39708e+00    1.83581e+03    2.76002e-01    3.65105e-06    2.62067e-07    9.24288e-07    1.05729e-06    3.47788e-02    3.84889e-06    9.32995e-09    6.89209e-01
   7.95954e-03    4.44043e-01   -4.12027e+02    1.39708e+00    1.83582e+03    2.76006e-01    1.88238e-06    1.63383e-07    5.58631e-07    6.37837e-07    3.47791e-02    3.06551e-06    6.53974e-09    6.89209e-01
   7.97956e-03    4.44042e-01   -4.12028e+02    1.39708e+00    1.83582e+03    2.76008e-01    8.44100e-07    9.75024e-08    3.14365e-07    3.57643e-07    3.47793e-02    2.29254e-06    4.06852e-09    6.89209e-01
   7.98995e-03    4.44042e-01   -4.12029e+02    1.39708e+00    1.83582e+03    2.76009e-01    5.09576e-07    7.24952e-08    2.21978e-07    2.51760e-07    3.47794e-02    1.89404e-06    2.95387e-09    6.89209e-01
   8.00033e-03    4.44041e-01   -4.12029e+02    1.39708e+00    1.83582e+03    2.76009e-01    2.79410e-07    5.21609e-08    1.47547e-07    1.66614e-07    3.47795e-02    1.49635e-06    1.97987e-09    6.89209e-01
   8.01071e-03    4.44040e-01   -4.12030e+02    1.39708e+00    1.83583e+03    2.76010e-01    1.31829e-07    3.54655e-08    8.84031e-08    9.92273e-08    3.47795e-02    1.09906e-06    1.17163e-09    6.89209e-01
   8.02109e-03    4.44040e-01   -4.12031e+02    1.39708e+00    1.83583e+03    2.76011e-01    4.69580e-08    2.14006e-08    4.30918e-08    4.79691e-08    3.47796e-02    7.01850e-07    5.51746e-10    6.89209e-01
   8.02720e-03    4.44039e-01   -4.12031e+02    1.39708e+00    1.83583e+03    2.76011e-01    1.87396e-08    1.39578e-08    2.24451e-08    2.48117e-08    3.47796e-02    4.67988e-07    2.77212e-10    6.89209e-01
   8.03331e-03    4.44039e-01   -4.12031e+02    1.39708e+00    1.83583e+03    2.76011e-01    4.57373e-09    6.93144e-09    7.69590e-09    8.43618e-09    3.47796e-02    2.34044e-07    9.07438e-11    6.89209e-01
   8.03943e-03    4.44038e-01   -4.12032e+02    1.39708e+00    1.83583e+03    2.76011e-01    0.00000e+00    0.00000e+00    0.00000e+00    0.00000e+00    3.47796e-02    0.00000e+00    0.00000e+00    6.89209e-01
