"x" "Density" "Velocity" "TotalEnergy" "Temperature" "H2" "H" "O" "O2" "OH" "H2O" "HO2" "H2O2" "AR" "N2"
5e-05 0.175066 -782.819 109318 2874.12 0.00214072 0.000512048 0.00333042 0.0121652 0.0118123 0.0841783 2.42998e-06 1.53153e-07 0.885858 0
0.00015 0.175068 -782.812 109317 2874.05 0.00214079 0.000512103 0.00333072 0.0121659 0.0118123 0.0841772 2.42974e-06 1.53186e-07 0.885858 0
0.00025 0.17507 -782.805 109317 2873.99 0.00214086 0.00051216 0.00333103 0.0121665 0.0118124 0.084176 2.42949e-06 1.5322e-07 0.885858 0
0.00035 0.175072 -782.798 109316 2873.92 0.00214093 0.000512216 0.00333135 0.0121672 0.0118124 0.0841748 2.42924e-06 1.53254e-07 0.885858 0
0.00045 0.175075 -782.791 109316 2873.85 0.00214101 0.000512273 0.00333166 0.012168 0.0118124 0.0841736 2.42899e-06 1.53288e-07 0.885858 0
0.00055 0.175077 -782.783 109316 2873.79 0.00214108 0.000512331 0.00333198 0.0121687 0.0118125 0.0841724 2.42875e-06 1.53323e-07 0.885858 0
0.00065 0.17508 -782.775 109316 2873.72 0.00214116 0.000512389 0.0033323 0.0121694 0.0118125 0.0841712 2.4285e-06 1.53358e-07 0.885858 0
0.00075 0.175083 -782.767 109316 2873.66 0.00214123 0.000512447 0.00333263 0.0121701 0.0118126 0.08417 2.42826e-06 1.53394e-07 0.885858 0
0.00085 0.175086 -782.757 109316 2873.59 0.00214131 0.000512506 0.00333296 0.0121708 0.0118127 0.0841687 2.42803e-06 1.53429e-07 0.885858 0
0.00095 0.17509 -782.746 109317 2873.53 0.00214139 0.000512566 0.00333329 0.0121715 0.0118128 0.0841674 2.4278e-06 1.53464e-07 0.885858 0
0.00105 0.175093 -782.734 109317 2873.46 0.00214147 0.000512626 0.00333363 0.0121723 0.0118129 0.0841661 2.42758e-06 1.535e-07 0.885858 0
0.00115 0.175097 -782.721 109318 2873.4 0.00214156 0.000512687 0.00333398 0.012173 0.011813 0.0841647 2.42737e-06 1.53535e-07 0.885858 0
0.00125 0.175101 -782.707 109319 2873.34 0.00214164 0.000512749 0.00333433 0.0121738 0.0118131 0.0841634 2.42715e-06 1.53571e-07 0.885858 0
0.00135 0.175105 -782.693 109321 2873.28 0.00214173 0.000512811 0.00333469 0.0121745 0.0118132 0.084162 2.42695e-06 1.53607e-07 0.885858 0
0.00145 0.17511 -782.679 109322 2873.22 0.00214182 0.000512875 0.00333505 0.0121753 0.0118134 0.0841605 2.42674e-06 1.53643e-07 0.885858 0
0.00155 0.175114 -782.664 109324 2873.16 0.00214191 0.00051294 0.00333542 0.0121761 0.0118135 0.084159 2.42654e-06 1.53679e-07 0.885858 0
0.00165 0.175119 -782.649 109326 2873.1 0.002142 0.000513007 0.00333581 0.0121769 0.0118137 0.0841575 2.42633e-06 1.53716e-07 0.885858 0
0.00175 0.175123 -782.635 109328 2873.04 0.00214209 0.000513074 0.0033362 0.0121777 0.0118139 0.084156 2.42613e-06 1.53753e-07 0.885858 0
0.00185 0.175128 -782.62 109330 2872.98 0.00214219 0.000513143 0.0033366 0.0121785 0.0118141 0.0841544 2.42593e-06 1.53791e-07 0.885858 0
0.00195 0.175133 -782.606 109333 2872.91 0.00214229 0.000513214 0.003337 0.0121794 0.0118143 0.0841528 2.42573e-06 1.53829e-07 0.885858 0
0.00205 0.175137 -782.592 109335 2872.85 0.00214239 0.000513286 0.00333742 0.0121802 0.0118145 0.0841511 2.42553e-06 1.53867e-07 0.885858 0
0.00215 0.175142 -782.578 109338 2872.79 0.0021425 0.000513359 0.00333785 0.0121811 0.0118147 0.0841494 2.42533e-06 1.53906e-07 0.885858 0
0.00225 0.175146 -782.564 109341 2872.73 0.0021426 0.000513435 0.00333829 0.012182 0.011815 0.0841476 2.42513e-06 1.53946e-07 0.885858 0
0.00235 0.175151 -782.55 109345 2872.67 0.00214271 0.000513511 0.00333874 0.0121829 0.0118152 0.0841459 2.42493e-06 1.53986e-07 0.885858 0
0.00245 0.175156 -782.536 109348 2872.61 0.00214283 0.00051359 0.0033392 0.0121839 0.0118155 0.084144 2.42473e-06 1.54026e-07 0.885858 0
0.00255 0.175161 -782.522 109352 2872.54 0.00214294 0.000513669 0.00333967 0.0121848 0.0118158 0.0841421 2.42454e-06 1.54067e-07 0.885858 0
0.00265 0.175165 -782.508 109356 2872.48 0.00214306 0.000513751 0.00334015 0.0121857 0.0118161 0.0841402 2.42435e-06 1.54109e-07 0.885858 0
0.00275 0.17517 -782.494 109360 2872.42 0.00214318 0.000513834 0.00334064 0.0121867 0.0118164 0.0841382 2.42416e-06 1.54151e-07 0.885858 0
0.00285 0.175175 -782.479 109365 2872.36 0.0021433 0.000513918 0.00334114 0.0121877 0.0118167 0.0841361 2.42398e-06 1.54193e-07 0.885858 0
0.00295 0.175181 -782.464 109369 2872.3 0.00214343 0.000514004 0.00334166 0.0121887 0.0118171 0.084134 2.4238e-06 1.54235e-07 0.885858 0
0.00305 0.175186 -782.448 109375 2872.24 0.00214356 0.000514092 0.00334218 0.0121897 0.0118175 0.0841319 2.42362e-06 1.54278e-07 0.885858 0
0.00315 0.175192 -782.431 109380 2872.18 0.00214369 0.000514181 0.00334271 0.0121908 0.0118179 0.0841297 2.42345e-06 1.54321e-07 0.885858 0
0.00325 0.175197 -782.414 109385 2872.12 0.00214383 0.000514271 0.00334326 0.0121918 0.0118183 0.0841275 2.42329e-06 1.54365e-07 0.885858 0
0.00335 0.175203 -782.397 109391 2872.06 0.00214396 0.000514363 0.00334381 0.0121929 0.0118187 0.0841252 2.42313e-06 1.54409e-07 0.885858 0
0.00345 0.175209 -782.379 109397 2872 0.0021441 0.000514456 0.00334437 0.012194 0.0118192 0.0841229 2.42297e-06 1.54453e-07 0.885858 0
0.00355 0.175215 -782.36 109404 2871.95 0.00214424 0.000514551 0.00334495 0.012195 0.0118196 0.0841205 2.42281e-06 1.54498e-07 0.885858 0
0.00365 0.175221 -782.341 109410 2871.89 0.00214439 0.000514646 0.00334553 0.0121962 0.0118201 0.0841181 2.42266e-06 1.54542e-07 0.885858 0
0.00375 0.175227 -782.322 109417 2871.83 0.00214454 0.000514744 0.00334611 0.0121973 0.0118206 0.0841157 2.42251e-06 1.54588e-07 0.885858 0
0.00385 0.175234 -782.302 109424 2871.77 0.00214468 0.000514842 0.00334671 0.0121984 0.0118211 0.0841132 2.42236e-06 1.54633e-07 0.885858 0
0.00395 0.17524 -782.282 109431 2871.72 0.00214484 0.000514941 0.00334732 0.0121996 0.0118216 0.0841107 2.42221e-06 1.5468e-07 0.885858 0
0.00405 0.175247 -782.262 109438 2871.66 0.00214499 0.000515042 0.00334793 0.0122007 0.0118221 0.0841082 2.42207e-06 1.54726e-07 0.885858 0
0.00415 0.175254 -782.241 109445 2871.6 0.00214514 0.000515143 0.00334854 0.0122019 0.0118226 0.0841056 2.42192e-06 1.54773e-07 0.885858 0
0.00425 0.17526 -782.221 109453 2871.54 0.0021453 0.000515246 0.00334917 0.0122031 0.0118231 0.0841031 2.42177e-06 1.54821e-07 0.885858 0
0.00435 0.175267 -782.2 109460 2871.48 0.00214545 0.000515349 0.0033498 0.0122042 0.0118237 0.0841005 2.42162e-06 1.54869e-07 0.885858 0
0.00445 0.175274 -782.179 109468 2871.42 0.00214561 0.000515454 0.00335043 0.0122054 0.0118242 0.0840978 2.42147e-06 1.54917e-07 0.885858 0
0.00455 0.175281 -782.158 109475 2871.36 0.00214577 0.000515559 0.00335107 0.0122066 0.0118247 0.0840952 2.42132e-06 1.54966e-07 0.885858 0
0.00465 0.175289 -782.136 109483 2871.3 0.00214593 0.000515665 0.00335172 0.0122079 0.0118253 0.0840925 2.42117e-06 1.55015e-07 0.885858 0
0.00475 0.175296 -782.114 109491 2871.24 0.00214609 0.000515771 0.00335236 0.0122091 0.0118258 0.0840898 2.42102e-06 1.55065e-07 0.885858 0
0.00485 0.175304 -782.092 109499 2871.18 0.00214625 0.000515878 0.00335301 0.0122103 0.0118264 0.0840871 2.42087e-06 1.55115e-07 0.885858 0
0.00495 0.175311 -782.07 109507 2871.12 0.00214642 0.000515986 0.00335367 0.0122115 0.0118269 0.0840844 2.42071e-06 1.55165e-07 0.885858 0
0.00505 0.175319 -782.047 109515 2871.06 0.00214658 0.000516093 0.00335432 0.0122128 0.0118275 0.0840817 2.42055e-06 1.55216e-07 0.885858 0
0.00515 0.175327 -782.023 109523 2870.99 0.00214674 0.000516202 0.00335498 0.012214 0.011828 0.084079 2.4204e-06 1.55268e-07 0.885858 0
0.00525 0.175335 -781.999 109531 2870.93 0.00214691 0.00051631 0.00335564 0.0122153 0.0118286 0.0840763 2.42024e-06 1.55319e-07 0.885858 0
0.00535 0.175344 -781.975 109539 2870.87 0.00214707 0.000516419 0.0033563 0.0122165 0.0118291 0.0840736 2.42008e-06 1.55371e-07 0.885858 0
0.00545 0.175352 -781.95 109547 2870.8 0.00214724 0.000516529 0.00335697 0.0122178 0.0118296 0.0840708 2.41992e-06 1.55424e-07 0.885858 0
0.00555 0.175361 -781.924 109555 2870.74 0.0021474 0.000516638 0.00335763 0.012219 0.0118302 0.0840681 2.41975e-06 1.55477e-07 0.885858 0
0.00565 0.17537 -781.898 109563 2870.67 0.00214757 0.000516748 0.00335829 0.0122203 0.0118307 0.0840653 2.41959e-06 1.5553e-07 0.885858 0
0.00575 0.175379 -781.872 109571 2870.61 0.00214773 0.000516857 0.00335896 0.0122215 0.0118313 0.0840626 2.41942e-06 1.55584e-07 0.885858 0
0.00585 0.175389 -781.845 109579 2870.54 0.0021479 0.000516967 0.00335962 0.0122228 0.0118318 0.0840599 2.41925e-06 1.55638e-07 0.885858 0
0.00595 0.175398 -781.817 109587 2870.47 0.00214806 0.000517078 0.00336029 0.0122241 0.0118323 0.0840571 2.41908e-06 1.55693e-07 0.885858 0
0.00605 0.175408 -781.789 109595 2870.4 0.00214823 0.000517188 0.00336095 0.0122254 0.0118328 0.0840544 2.4189e-06 1.55748e-07 0.885858 0
0.00615 0.175418 -781.761 109603 2870.33 0.00214839 0.000517299 0.00336162 0.0122266 0.0118333 0.0840517 2.41872e-06 1.55803e-07 0.885858 0
0.00625 0.175428 -781.732 109611 2870.26 0.00214855 0.00051741 0.00336229 0.0122279 0.0118339 0.0840489 2.41854e-06 1.55859e-07 0.885858 0
0.00635 0.175438 -781.703 109619 2870.19 0.00214872 0.000517521 0.00336296 0.0122292 0.0118344 0.0840462 2.41835e-06 1.55915e-07 0.885858 0
0.00645 0.175448 -781.673 109626 2870.12 0.00214888 0.000517632 0.00336363 0.0122305 0.0118349 0.0840435 2.41817e-06 1.55972e-07 0.885858 0
0.00655 0.175459 -781.643 109634 2870.05 0.00214905 0.000517744 0.0033643 0.0122318 0.0118354 0.0840407 2.41798e-06 1.56029e-07 0.885858 0
0.00665 0.175469 -781.613 109642 2869.97 0.00214922 0.000517856 0.00336497 0.0122331 0.0118359 0.084038 2.41778e-06 1.56087e-07 0.885858 0
0.00675 0.17548 -781.582 109650 2869.9 0.00214938 0.000517968 0.00336564 0.0122344 0.0118364 0.0840352 2.41759e-06 1.56145e-07 0.885858 0
0.00685 0.175491 -781.55 109658 2869.82 0.00214955 0.000518081 0.00336632 0.0122357 0.0118369 0.0840325 2.41739e-06 1.56204e-07 0.885858 0
0.00695 0.175503 -781.518 109666 2869.75 0.00214971 0.000518195 0.003367 0.012237 0.0118373 0.0840297 2.41719e-06 1.56264e-07 0.885858 0
0.00705 0.175514 -781.485 109674 2869.67 0.00214988 0.000518309 0.00336768 0.0122383 0.0118378 0.0840269 2.41699e-06 1.56323e-07 0.885858 0
0.00715 0.175525 -781.452 109682 2869.59 0.00215005 0.000518424 0.00336837 0.0122396 0.0118383 0.0840241 2.41678e-06 1.56384e-07 0.885858 0
0.00725 0.175537 -781.419 109690 2869.52 0.00215022 0.000518539 0.00336906 0.012241 0.0118388 0.0840213 2.41658e-06 1.56444e-07 0.885858 0
0.00735 0.175549 -781.384 109698 2869.44 0.00215039 0.000518655 0.00336975 0.0122423 0.0118393 0.0840185 2.41637e-06 1.56506e-07 0.885858 0
0.00745 0.175561 -781.35 109706 2869.36 0.00215056 0.000518772 0.00337045 0.0122437 0.0118398 0.0840156 2.41617e-06 1.56568e-07 0.885858 0
0.00755 0.175573 -781.314 109714 2869.28 0.00215074 0.000518891 0.00337116 0.0122451 0.0118403 0.0840128 2.41596e-06 1.5663e-07 0.885858 0
0.00765 0.175586 -781.278 109722 2869.2 0.00215091 0.00051901 0.00337187 0.0122464 0.0118409 0.0840099 2.41575e-06 1.56693e-07 0.885858 0
0.00775 0.175598 -781.242 109731 2869.12 0.00215109 0.00051913 0.0033726 0.0122478 0.0118414 0.0840069 2.41554e-06 1.56757e-07 0.885858 0
0.00785 0.175611 -781.204 109739 2869.04 0.00215127 0.000519252 0.00337332 0.0122492 0.0118419 0.084004 2.41533e-06 1.56821e-07 0.885858 0
0.00795 0.175624 -781.167 109748 2868.96 0.00215145 0.000519375 0.00337406 0.0122507 0.0118425 0.084001 2.41513e-06 1.56885e-07 0.885858 0
0.00805 0.175637 -781.128 109757 2868.88 0.00215163 0.000519499 0.00337481 0.0122521 0.011843 0.0839979 2.41492e-06 1.56951e-07 0.885858 0
0.00815 0.17565 -781.089 109766 2868.8 0.00215182 0.000519625 0.00337556 0.0122535 0.0118436 0.0839948 2.41471e-06 1.57016e-07 0.885858 0
0.00825 0.175663 -781.049 109775 2868.71 0.002152 0.000519752 0.00337633 0.012255 0.0118441 0.0839917 2.41451e-06 1.57083e-07 0.885858 0
0.00835 0.175676 -781.009 109784 2868.63 0.0021522 0.000519881 0.00337711 0.0122565 0.0118447 0.0839885 2.4143e-06 1.5715e-07 0.885858 0
0.00845 0.17569 -780.968 109794 2868.55 0.00215239 0.000520012 0.00337789 0.012258 0.0118453 0.0839853 2.4141e-06 1.57218e-07 0.885858 0
0.00855 0.175704 -780.927 109803 2868.47 0.00215259 0.000520145 0.0033787 0.0122595 0.011846 0.083982 2.4139e-06 1.57286e-07 0.885858 0
0.00865 0.175717 -780.885 109813 2868.39 0.00215279 0.00052028 0.00337951 0.0122611 0.0118466 0.0839787 2.4137e-06 1.57355e-07 0.885858 0
0.00875 0.175731 -780.842 109823 2868.3 0.00215299 0.000520417 0.00338034 0.0122626 0.0118473 0.0839753 2.4135e-06 1.57425e-07 0.885858 0
0.00885 0.175745 -780.798 109834 2868.22 0.0021532 0.000520555 0.00338118 0.0122642 0.0118479 0.0839719 2.41331e-06 1.57495e-07 0.885858 0
0.00895 0.175759 -780.754 109845 2868.14 0.00215341 0.000520696 0.00338203 0.0122658 0.0118486 0.0839684 2.41311e-06 1.57566e-07 0.885858 0
0.00905 0.175774 -780.709 109856 2868.06 0.00215362 0.000520839 0.0033829 0.0122675 0.0118494 0.0839648 2.41292e-06 1.57638e-07 0.885858 0
0.00915 0.175788 -780.664 109867 2867.97 0.00215384 0.000520985 0.00338378 0.0122691 0.0118501 0.0839612 2.41274e-06 1.5771e-07 0.885858 0
0.00925 0.175802 -780.618 109878 2867.89 0.00215406 0.000521132 0.00338468 0.0122708 0.0118508 0.0839574 2.41255e-06 1.57783e-07 0.885858 0
0.00935 0.175817 -780.571 109890 2867.81 0.00215429 0.000521282 0.0033856 0.0122725 0.0118516 0.0839537 2.41237e-06 1.57857e-07 0.885858 0
0.00945 0.175832 -780.523 109902 2867.73 0.00215452 0.000521435 0.00338653 0.0122742 0.0118524 0.0839498 2.41219e-06 1.57931e-07 0.885858 0
0.00955 0.175847 -780.475 109914 2867.64 0.00215475 0.00052159 0.00338747 0.012276 0.0118532 0.0839459 2.41201e-06 1.58006e-07 0.885858 0
0.00965 0.175861 -780.425 109927 2867.56 0.00215499 0.000521747 0.00338843 0.0122778 0.0118541 0.0839419 2.41184e-06 1.58082e-07 0.885858 0
0.00975 0.175876 -780.375 109940 2867.48 0.00215523 0.000521906 0.00338941 0.0122796 0.011855 0.0839379 2.41167e-06 1.58159e-07 0.885858 0
0.00985 0.175892 -780.325 109953 2867.4 0.00215548 0.000522068 0.00339041 0.0122814 0.0118559 0.0839338 2.4115e-06 1.58236e-07 0.885858 0
0.00995 0.175907 -780.273 109966 2867.32 0.00215573 0.000522233 0.00339142 0.0122832 0.0118568 0.0839296 2.41134e-06 1.58314e-07 0.885858 0
0.01005 0.175922 -780.221 109980 2867.23 0.00215598 0.000522399 0.00339244 0.0122851 0.0118577 0.0839253 2.41118e-06 1.58393e-07 0.885858 0
0.01015 0.175938 -780.168 109994 2867.15 0.00215624 0.000522569 0.00339348 0.012287 0.0118587 0.083921 2.41102e-06 1.58472e-07 0.885858 0
0.01025 0.175953 -780.114 110008 2867.07 0.0021565 0.00052274 0.00339454 0.0122889 0.0118596 0.0839166 2.41086e-06 1.58552e-07 0.885858 0
0.01035 0.175969 -780.059 110023 2866.99 0.00215677 0.000522914 0.00339561 0.0122909 0.0118606 0.0839121 2.4107e-06 1.58634e-07 0.885858 0
0.01045 0.175985 -780.003 110037 2866.9 0.00215704 0.00052309 0.0033967 0.0122929 0.0118616 0.0839076 2.41055e-06 1.58715e-07 0.885858 0
0.01055 0.176001 -779.947 110052 2866.82 0.00215731 0.000523269 0.0033978 0.0122949 0.0118627 0.083903 2.41039e-06 1.58798e-07 0.885858 0
0.01065 0.176017 -779.889 110067 2866.74 0.00215759 0.000523449 0.00339892 0.0122969 0.0118637 0.0838984 2.41024e-06 1.58881e-07 0.885858 0
0.01075 0.176033 -779.831 110082 2866.65 0.00215787 0.000523632 0.00340005 0.0122989 0.0118648 0.0838937 2.41009e-06 1.58965e-07 0.885858 0
0.01085 0.17605 -779.771 110098 2866.57 0.00215815 0.000523817 0.00340119 0.012301 0.0118659 0.0838889 2.40994e-06 1.5905e-07 0.885858 0
0.01095 0.176066 -779.711 110113 2866.48 0.00215844 0.000524004 0.00340235 0.0123031 0.011867 0.0838841 2.40979e-06 1.59136e-07 0.885858 0
0.01105 0.176083 -779.65 110129 2866.4 0.00215873 0.000524193 0.00340351 0.0123052 0.0118681 0.0838793 2.40964e-06 1.59223e-07 0.885858 0
0.01115 0.176099 -779.587 110144 2866.31 0.00215902 0.000524383 0.00340469 0.0123073 0.0118692 0.0838743 2.40948e-06 1.5931e-07 0.885858 0
0.01125 0.176116 -779.524 110160 2866.22 0.00215932 0.000524576 0.00340588 0.0123095 0.0118703 0.0838694 2.40933e-06 1.59399e-07 0.885858 0
0.01135 0.176133 -779.459 110176 2866.13 0.00215962 0.00052477 0.00340709 0.0123116 0.0118715 0.0838644 2.40917e-06 1.59488e-07 0.885858 0
0.01145 0.17615 -779.393 110191 2866.04 0.00215992 0.000524966 0.0034083 0.0123138 0.0118726 0.0838593 2.40901e-06 1.59578e-07 0.885858 0
0.01155 0.176168 -779.326 110207 2865.95 0.00216022 0.000525163 0.00340952 0.012316 0.0118738 0.0838543 2.40885e-06 1.59668e-07 0.885858 0
0.01165 0.176185 -779.258 110223 2865.86 0.00216052 0.000525362 0.00341075 0.0123182 0.0118749 0.0838492 2.40868e-06 1.5976e-07 0.885858 0
0.01175 0.176202 -779.189 110239 2865.77 0.00216083 0.000525562 0.00341198 0.0123205 0.0118761 0.083844 2.40851e-06 1.59853e-07 0.885858 0
0.01185 0.17622 -779.118 110254 2865.68 0.00216113 0.000525764 0.00341323 0.0123227 0.0118773 0.0838389 2.40834e-06 1.59946e-07 0.885858 0
0.01195 0.176238 -779.047 110270 2865.58 0.00216144 0.000525967 0.00341448 0.012325 0.0118784 0.0838337 2.40816e-06 1.60041e-07 0.885858 0
0.01205 0.176256 -778.973 110285 2865.48 0.00216175 0.000526171 0.00341574 0.0123272 0.0118796 0.0838285 2.40798e-06 1.60136e-07 0.885858 0
0.01215 0.176274 -778.899 110300 2865.39 0.00216207 0.000526376 0.003417 0.0123295 0.0118808 0.0838232 2.40779e-06 1.60232e-07 0.885858 0
0.01225 0.176292 -778.823 110315 2865.29 0.00216238 0.000526583 0.00341827 0.0123318 0.0118819 0.083818 2.40759e-06 1.60329e-07 0.885858 0
0.01235 0.176311 -778.746 110330 2865.18 0.00216269 0.00052679 0.00341955 0.0123341 0.0118831 0.0838127 2.40739e-06 1.60427e-07 0.885858 0
0.01245 0.176329 -778.668 110345 2865.08 0.00216301 0.000526999 0.00342083 0.0123365 0.0118842 0.0838074 2.40719e-06 1.60526e-07 0.885858 0
0.01255 0.176348 -778.588 110360 2864.98 0.00216332 0.000527208 0.00342211 0.0123388 0.0118854 0.0838021 2.40697e-06 1.60626e-07 0.885858 0
0.01265 0.176367 -778.507 110374 2864.87 0.00216364 0.000527418 0.0034234 0.0123412 0.0118865 0.0837968 2.40675e-06 1.60727e-07 0.885858 0
0.01275 0.176386 -778.424 110389 2864.76 0.00216395 0.000527629 0.00342469 0.0123435 0.0118877 0.0837915 2.40653e-06 1.60828e-07 0.885858 0
0.01285 0.176405 -778.341 110403 2864.65 0.00216427 0.000527841 0.00342599 0.0123459 0.0118888 0.0837862 2.40629e-06 1.60931e-07 0.885858 0
0.01295 0.176425 -778.256 110416 2864.54 0.00216459 0.000528054 0.00342729 0.0123483 0.0118899 0.0837808 2.40606e-06 1.61035e-07 0.885858 0
0.01305 0.176444 -778.169 110430 2864.42 0.00216491 0.000528267 0.00342859 0.0123507 0.011891 0.0837755 2.40581e-06 1.61139e-07 0.885858 0
0.01315 0.176464 -778.082 110444 2864.31 0.00216523 0.000528482 0.0034299 0.0123531 0.0118921 0.0837702 2.40556e-06 1.61244e-07 0.885858 0
0.01325 0.176484 -777.993 110457 2864.19 0.00216554 0.000528697 0.00343121 0.0123555 0.0118932 0.0837648 2.4053e-06 1.61351e-07 0.885858 0
0.01335 0.176504 -777.902 110470 2864.07 0.00216586 0.000528913 0.00343252 0.0123579 0.0118943 0.0837594 2.40503e-06 1.61458e-07 0.885858 0
0.01345 0.176525 -777.811 110483 2863.95 0.00216618 0.00052913 0.00343384 0.0123603 0.0118954 0.0837541 2.40476e-06 1.61566e-07 0.885858 0
0.01355 0.176546 -777.718 110496 2863.83 0.00216651 0.000529347 0.00343516 0.0123628 0.0118965 0.0837487 2.40448e-06 1.61676e-07 0.885858 0
0.01365 0.176566 -777.624 110509 2863.7 0.00216683 0.000529566 0.00343649 0.0123652 0.0118976 0.0837433 2.40419e-06 1.61786e-07 0.885858 0
0.01375 0.176588 -777.529 110522 2863.58 0.00216715 0.000529785 0.00343782 0.0123677 0.0118986 0.0837379 2.4039e-06 1.61897e-07 0.885858 0
0.01385 0.176609 -777.432 110534 2863.45 0.00216747 0.000530006 0.00343915 0.0123702 0.0118997 0.0837324 2.40361e-06 1.62009e-07 0.885858 0
0.01395 0.176631 -777.334 110547 2863.32 0.0021678 0.000530228 0.0034405 0.0123727 0.0119008 0.083727 2.40331e-06 1.62122e-07 0.885858 0
0.01405 0.176652 -777.235 110559 2863.19 0.00216812 0.00053045 0.00344184 0.0123752 0.0119018 0.0837215 2.403e-06 1.62236e-07 0.885858 0
0.01415 0.176674 -777.135 110572 2863.06 0.00216845 0.000530674 0.00344319 0.0123777 0.0119029 0.083716 2.40269e-06 1.62351e-07 0.885858 0
0.01425 0.176697 -777.034 110584 2862.93 0.00216878 0.000530899 0.00344455 0.0123803 0.0119039 0.0837105 2.40238e-06 1.62468e-07 0.885858 0
0.01435 0.176719 -776.931 110596 2862.79 0.00216911 0.000531126 0.00344592 0.0123828 0.011905 0.083705 2.40206e-06 1.62585e-07 0.885858 0
0.01445 0.176742 -776.827 110609 2862.65 0.00216944 0.000531354 0.0034473 0.0123854 0.0119061 0.0836994 2.40174e-06 1.62703e-07 0.885858 0
0.01455 0.176765 -776.723 110621 2862.52 0.00216978 0.000531583 0.00344868 0.012388 0.0119071 0.0836938 2.40141e-06 1.62822e-07 0.885858 0
0.01465 0.176788 -776.616 110633 2862.38 0.00217011 0.000531814 0.00345007 0.0123906 0.0119082 0.0836882 2.40109e-06 1.62942e-07 0.885858 0
0.01475 0.176812 -776.509 110646 2862.24 0.00217045 0.000532047 0.00345148 0.0123932 0.0119093 0.0836825 2.40076e-06 1.63063e-07 0.885858 0
0.01485 0.176835 -776.401 110658 2862.1 0.00217079 0.000532282 0.00345289 0.0123958 0.0119104 0.0836768 2.40042e-06 1.63185e-07 0.885858 0
0.01495 0.176859 -776.291 110671 2861.96 0.00217114 0.000532519 0.00345432 0.0123985 0.0119115 0.083671 2.40009e-06 1.63308e-07 0.885858 0
0.01505 0.176883 -776.18 110684 2861.81 0.00217148 0.000532757 0.00345576 0.0124012 0.0119126 0.0836652 2.39976e-06 1.63433e-07 0.885858 0
0.01515 0.176908 -776.068 110697 2861.67 0.00217183 0.000532998 0.00345721 0.0124039 0.0119137 0.0836593 2.39942e-06 1.63558e-07 0.885858 0
0.01525 0.176932 -775.955 110710 2861.53 0.00217219 0.000533241 0.00345868 0.0124066 0.0119148 0.0836534 2.39908e-06 1.63684e-07 0.885858 0
0.01535 0.176957 -775.841 110723 2861.38 0.00217254 0.000533486 0.00346016 0.0124094 0.011916 0.0836474 2.39875e-06 1.63812e-07 0.885858 0
0.01545 0.176982 -775.725 110737 2861.24 0.0021729 0.000533734 0.00346166 0.0124122 0.0119171 0.0836414 2.39841e-06 1.63941e-07 0.885858 0
0.01555 0.177008 -775.608 110751 2861.09 0.00217327 0.000533985 0.00346317 0.012415 0.0119183 0.0836352 2.39808e-06 1.6407e-07 0.885858 0
0.01565 0.177033 -775.491 110765 2860.95 0.00217364 0.000534238 0.0034647 0.0124178 0.0119195 0.083629 2.39774e-06 1.64201e-07 0.885858 0
0.01575 0.177059 -775.372 110779 2860.8 0.00217401 0.000534494 0.00346625 0.0124207 0.0119207 0.0836228 2.39741e-06 1.64333e-07 0.885858 0
0.01585 0.177085 -775.252 110794 2860.65 0.00217439 0.000534753 0.00346782 0.0124236 0.011922 0.0836164 2.39708e-06 1.64466e-07 0.885858 0
0.01595 0.177111 -775.13 110809 2860.5 0.00217477 0.000535015 0.0034694 0.0124265 0.0119232 0.08361 2.39675e-06 1.646e-07 0.885858 0
0.01605 0.177138 -775.008 110824 2860.36 0.00217516 0.00053528 0.00347101 0.0124295 0.0119245 0.0836035 2.39643e-06 1.64736e-07 0.885858 0
0.01615 0.177164 -774.885 110839 2860.21 0.00217555 0.000535548 0.00347264 0.0124325 0.0119259 0.0835969 2.3961e-06 1.64872e-07 0.885858 0
0.01625 0.177191 -774.76 110855 2860.06 0.00217594 0.000535819 0.00347428 0.0124355 0.0119272 0.0835902 2.39579e-06 1.6501e-07 0.885858 0
0.01635 0.177218 -774.634 110872 2859.91 0.00217635 0.000536094 0.00347595 0.0124386 0.0119286 0.0835834 2.39547e-06 1.65149e-07 0.885858 0
0.01645 0.177246 -774.507 110889 2859.76 0.00217676 0.000536372 0.00347765 0.0124417 0.01193 0.0835766 2.39516e-06 1.65289e-07 0.885858 0
0.01655 0.177273 -774.379 110906 2859.61 0.00217717 0.000536654 0.00347936 0.0124448 0.0119314 0.0835696 2.39485e-06 1.6543e-07 0.885858 0
0.01665 0.177301 -774.25 110924 2859.47 0.00217759 0.000536939 0.0034811 0.012448 0.0119329 0.0835625 2.39454e-06 1.65572e-07 0.885858 0
0.01675 0.177329 -774.119 110942 2859.32 0.00217801 0.000537228 0.00348287 0.0124512 0.0119344 0.0835553 2.39424e-06 1.65716e-07 0.885858 0
0.01685 0.177358 -773.988 110960 2859.17 0.00217845 0.000537521 0.00348465 0.0124544 0.0119359 0.0835481 2.39395e-06 1.65861e-07 0.885858 0
0.01695 0.177386 -773.855 110979 2859.02 0.00217888 0.000537817 0.00348646 0.0124577 0.0119374 0.0835407 2.39365e-06 1.66007e-07 0.885858 0
0.01705 0.177415 -773.721 110999 2858.87 0.00217933 0.000538117 0.0034883 0.012461 0.011939 0.0835332 2.39337e-06 1.66154e-07 0.885858 0
0.01715 0.177444 -773.586 111019 2858.72 0.00217977 0.000538421 0.00349016 0.0124644 0.0119406 0.0835256 2.39308e-06 1.66303e-07 0.885858 0
0.01725 0.177473 -773.45 111039 2858.57 0.00218023 0.000538728 0.00349205 0.0124677 0.0119423 0.0835179 2.3928e-06 1.66453e-07 0.885858 0
0.01735 0.177503 -773.312 111060 2858.42 0.00218069 0.00053904 0.00349396 0.0124712 0.011944 0.0835101 2.39253e-06 1.66604e-07 0.885858 0
0.01745 0.177533 -773.174 111081 2858.27 0.00218116 0.000539355 0.00349589 0.0124746 0.0119457 0.0835022 2.39226e-06 1.66756e-07 0.885858 0
0.01755 0.177563 -773.034 111103 2858.13 0.00218163 0.000539673 0.00349785 0.0124781 0.0119475 0.0834942 2.39199e-06 1.6691e-07 0.885858 0
0.01765 0.177593 -772.893 111125 2857.98 0.00218211 0.000539996 0.00349984 0.0124817 0.0119492 0.0834861 2.39173e-06 1.67065e-07 0.885858 0
0.01775 0.177623 -772.751 111148 2857.83 0.0021826 0.000540323 0.00350185 0.0124853 0.011951 0.0834779 2.39147e-06 1.67222e-07 0.885858 0
0.01785 0.177654 -772.608 111171 2857.68 0.00218309 0.000540653 0.00350388 0.0124889 0.0119529 0.0834696 2.39122e-06 1.67379e-07 0.885858 0
0.01795 0.177685 -772.463 111195 2857.53 0.00218358 0.000540986 0.00350594 0.0124925 0.0119548 0.0834612 2.39097e-06 1.67539e-07 0.885858 0
0.01805 0.177717 -772.318 111219 2857.38 0.00218409 0.000541324 0.00350802 0.0124962 0.0119567 0.0834527 2.39072e-06 1.67699e-07 0.885858 0
0.01815 0.177749 -772.171 111244 2857.23 0.00218459 0.000541665 0.00351012 0.0125 0.0119586 0.0834441 2.39047e-06 1.67861e-07 0.885858 0
0.01825 0.177781 -772.023 111269 2857.08 0.00218511 0.000542009 0.00351225 0.0125037 0.0119605 0.0834354 2.39023e-06 1.68025e-07 0.885858 0
0.01835 0.177813 -771.873 111294 2856.92 0.00218563 0.000542357 0.0035144 0.0125075 0.0119625 0.0834266 2.38998e-06 1.6819e-07 0.885858 0
0.01845 0.177846 -771.723 111320 2856.77 0.00218615 0.000542709 0.00351657 0.0125113 0.0119645 0.0834177 2.38974e-06 1.68356e-07 0.885858 0
0.01855 0.177879 -771.571 111346 2856.62 0.00218668 0.000543064 0.00351876 0.0125152 0.0119665 0.0834087 2.38951e-06 1.68524e-07 0.885858 0
0.01865 0.177912 -771.418 111372 2856.47 0.00218721 0.000543422 0.00352097 0.0125191 0.0119686 0.0833997 2.38927e-06 1.68693e-07 0.885858 0
0.01875 0.177946 -771.263 111399 2856.31 0.00218775 0.000543783 0.0035232 0.012523 0.0119707 0.0833905 2.38903e-06 1.68864e-07 0.885858 0
0.01885 0.17798 -771.108 111426 2856.16 0.00218829 0.000544147 0.00352546 0.012527 0.0119727 0.0833813 2.38879e-06 1.69036e-07 0.885858 0
0.01895 0.178014 -770.951 111453 2856 0.00218884 0.000544515 0.00352773 0.012531 0.0119748 0.0833721 2.38855e-06 1.6921e-07 0.885858 0
0.01905 0.178049 -770.793 111481 2855.84 0.00218939 0.000544885 0.00353002 0.012535 0.011977 0.0833627 2.38831e-06 1.69386e-07 0.885858 0
0.01915 0.178084 -770.633 111509 2855.68 0.00218994 0.000545258 0.00353232 0.0125391 0.0119791 0.0833533 2.38807e-06 1.69563e-07 0.885858 0
0.01925 0.17812 -770.473 111537 2855.52 0.0021905 0.000545634 0.00353465 0.0125431 0.0119812 0.0833438 2.38782e-06 1.69742e-07 0.885858 0
0.01935 0.178156 -770.311 111566 2855.36 0.00219106 0.000546013 0.00353699 0.0125473 0.0119834 0.0833343 2.38758e-06 1.69922e-07 0.885858 0
0.01945 0.178192 -770.147 111594 2855.2 0.00219163 0.000546394 0.00353934 0.0125514 0.0119856 0.0833247 2.38733e-06 1.70104e-07 0.885858 0
0.01955 0.178229 -769.983 111623 2855.03 0.00219219 0.000546778 0.00354171 0.0125556 0.0119877 0.083315 2.38708e-06 1.70288e-07 0.885858 0
0.01965 0.178267 -769.816 111652 2854.86 0.00219277 0.000547165 0.0035441 0.0125597 0.0119899 0.0833053 2.38682e-06 1.70473e-07 0.885858 0
0.01975 0.178304 -769.649 111682 2854.7 0.00219334 0.000547554 0.0035465 0.012564 0.0119921 0.0832955 2.38656e-06 1.70661e-07 0.885858 0
0.01985 0.178343 -769.48 111711 2854.52 0.00219392 0.000547946 0.00354892 0.0125682 0.0119943 0.0832857 2.3863e-06 1.7085e-07 0.885858 0
0.01995 0.178381 -769.31 111741 2854.35 0.0021945 0.00054834 0.00355134 0.0125725 0.0119965 0.0832758 2.38603e-06 1.71041e-07 0.885858 0
0.02005 0.17842 -769.138 111770 2854.18 0.00219508 0.000548736 0.00355379 0.0125768 0.0119987 0.0832659 2.38575e-06 1.71233e-07 0.885858 0
0.02015 0.17846 -768.965 111800 2854 0.00219567 0.000549135 0.00355624 0.0125811 0.0120009 0.083256 2.38547e-06 1.71428e-07 0.885858 0
0.02025 0.1785 -768.791 111830 2853.82 0.00219625 0.000549536 0.00355871 0.0125854 0.0120031 0.0832459 2.38519e-06 1.71624e-07 0.885858 0
0.02035 0.17854 -768.615 111860 2853.64 0.00219685 0.00054994 0.00356119 0.0125898 0.0120053 0.0832359 2.3849e-06 1.71822e-07 0.885858 0
0.02045 0.178582 -768.438 111891 2853.46 0.00219744 0.000550345 0.00356369 0.0125942 0.0120075 0.0832258 2.3846e-06 1.72022e-07 0.885858 0
0.02055 0.178623 -768.259 111921 2853.27 0.00219803 0.000550754 0.0035662 0.0125986 0.0120097 0.0832157 2.3843e-06 1.72225e-07 0.885858 0
0.02065 0.178665 -768.079 111951 2853.08 0.00219863 0.000551164 0.00356872 0.0126031 0.0120119 0.0832055 2.38399e-06 1.72429e-07 0.885858 0
0.02075 0.178708 -767.897 111982 2852.89 0.00219923 0.000551577 0.00357126 0.0126076 0.0120141 0.0831952 2.38368e-06 1.72635e-07 0.885858 0
0.02085 0.178751 -767.714 112013 2852.7 0.00219984 0.000551993 0.0035738 0.0126121 0.0120163 0.083185 2.38336e-06 1.72843e-07 0.885858 0
0.02095 0.178794 -767.529 112044 2852.51 0.00220044 0.000552411 0.00357637 0.0126166 0.0120185 0.0831746 2.38303e-06 1.73053e-07 0.885858 0
0.02105 0.178838 -767.343 112075 2852.31 0.00220105 0.000552832 0.00357895 0.0126211 0.0120207 0.0831643 2.3827e-06 1.73265e-07 0.885858 0
0.02115 0.178883 -767.155 112106 2852.11 0.00220167 0.000553255 0.00358154 0.0126257 0.012023 0.0831538 2.38236e-06 1.73479e-07 0.885858 0
0.02125 0.178928 -766.965 112137 2851.91 0.00220228 0.000553681 0.00358415 0.0126303 0.0120252 0.0831433 2.38202e-06 1.73696e-07 0.885858 0
0.02135 0.178974 -766.774 112169 2851.71 0.0022029 0.00055411 0.00358677 0.012635 0.0120274 0.0831328 2.38167e-06 1.73914e-07 0.885858 0
0.02145 0.17902 -766.582 112200 2851.5 0.00220352 0.000554542 0.00358941 0.0126397 0.0120296 0.0831222 2.38132e-06 1.74135e-07 0.885858 0
0.02155 0.179066 -766.388 112232 2851.29 0.00220415 0.000554977 0.00359207 0.0126444 0.0120319 0.0831116 2.38096e-06 1.74358e-07 0.885858 0
0.02165 0.179114 -766.192 112264 2851.08 0.00220477 0.000555415 0.00359474 0.0126491 0.0120341 0.0831008 2.38059e-06 1.74583e-07 0.885858 0
0.02175 0.179161 -765.994 112296 2850.87 0.00220541 0.000555856 0.00359744 0.0126539 0.0120363 0.0830901 2.38022e-06 1.74811e-07 0.885858 0
0.02185 0.179209 -765.795 112329 2850.65 0.00220604 0.0005563 0.00360015 0.0126587 0.0120386 0.0830792 2.37985e-06 1.7504e-07 0.885858 0
0.02195 0.179258 -765.594 112362 2850.43 0.00220668 0.000556748 0.00360288 0.0126635 0.0120409 0.0830683 2.37947e-06 1.75272e-07 0.885858 0
0.02205 0.179307 -765.392 112395 2850.21 0.00220733 0.0005572 0.00360564 0.0126684 0.0120432 0.0830573 2.37909e-06 1.75506e-07 0.885858 0
0.02215 0.179357 -765.187 112428 2849.99 0.00220798 0.000557655 0.00360841 0.0126733 0.0120454 0.0830462 2.3787e-06 1.75743e-07 0.885858 0
0.02225 0.179407 -764.981 112462 2849.77 0.00220863 0.000558114 0.00361121 0.0126783 0.0120478 0.083035 2.37831e-06 1.75982e-07 0.885858 0
0.02235 0.179458 -764.773 112496 2849.54 0.00220929 0.000558577 0.00361404 0.0126833 0.0120501 0.0830237 2.37792e-06 1.76223e-07 0.885858 0
0.02245 0.17951 -764.564 112530 2849.31 0.00220996 0.000559044 0.00361689 0.0126883 0.0120524 0.0830124 2.37752e-06 1.76467e-07 0.885858 0
0.02255 0.179561 -764.353 112565 2849.08 0.00221063 0.000559516 0.00361976 0.0126934 0.0120548 0.0830009 2.37713e-06 1.76713e-07 0.885858 0
0.02265 0.179614 -764.14 112600 2848.85 0.00221131 0.000559991 0.00362266 0.0126985 0.0120572 0.0829894 2.37673e-06 1.76961e-07 0.885858 0
0.02275 0.179666 -763.925 112635 2848.62 0.00221199 0.000560472 0.00362559 0.0127037 0.0120596 0.0829777 2.37633e-06 1.77212e-07 0.885858 0
0.02285 0.17972 -763.708 112671 2848.39 0.00221268 0.000560957 0.00362855 0.0127089 0.012062 0.0829659 2.37593e-06 1.77465e-07 0.885858 0
0.02295 0.179774 -763.489 112708 2848.15 0.00221337 0.000561447 0.00363153 0.0127141 0.0120645 0.082954 2.37553e-06 1.77721e-07 0.885858 0
0.02305 0.179828 -763.269 112745 2847.91 0.00221407 0.000561941 0.00363455 0.0127195 0.0120669 0.082942 2.37513e-06 1.7798e-07 0.885858 0
0.02315 0.179883 -763.046 112782 2847.67 0.00221478 0.000562441 0.0036376 0.0127248 0.0120695 0.0829299 2.37473e-06 1.78241e-07 0.885858 0
0.02325 0.179938 -762.822 112820 2847.43 0.0022155 0.000562946 0.00364068 0.0127302 0.012072 0.0829176 2.37433e-06 1.78504e-07 0.885858 0
0.02335 0.179994 -762.596 112859 2847.19 0.00221622 0.000563457 0.0036438 0.0127357 0.0120746 0.0829052 2.37393e-06 1.78771e-07 0.885858 0
0.02345 0.18005 -762.367 112898 2846.95 0.00221695 0.000563973 0.00364695 0.0127412 0.0120772 0.0828927 2.37353e-06 1.7904e-07 0.885858 0
0.02355 0.180107 -762.137 112937 2846.7 0.00221769 0.000564494 0.00365014 0.0127468 0.0120798 0.08288 2.37313e-06 1.79311e-07 0.885858 0
0.02365 0.180164 -761.905 112977 2846.46 0.00221844 0.000565022 0.00365336 0.0127524 0.0120825 0.0828672 2.37274e-06 1.79585e-07 0.885858 0
0.02375 0.180222 -761.671 113018 2846.21 0.0022192 0.000565555 0.00365662 0.0127581 0.0120852 0.0828543 2.37234e-06 1.79862e-07 0.885858 0
0.02385 0.180281 -761.435 113060 2845.96 0.00221996 0.000566095 0.00365992 0.0127639 0.012088 0.0828412 2.37195e-06 1.80141e-07 0.885858 0
0.02395 0.180339 -761.197 113102 2845.71 0.00222073 0.000566641 0.00366326 0.0127697 0.0120908 0.0828279 2.37156e-06 1.80424e-07 0.885858 0
0.02405 0.180399 -760.956 113145 2845.46 0.00222151 0.000567193 0.00366664 0.0127755 0.0120936 0.0828145 2.37118e-06 1.80709e-07 0.885858 0
0.02415 0.180458 -760.714 113189 2845.21 0.0022223 0.000567751 0.00367006 0.0127815 0.0120965 0.0828009 2.3708e-06 1.80997e-07 0.885858 0
0.02425 0.180519 -760.469 113233 2844.96 0.0022231 0.000568316 0.00367352 0.0127875 0.0120994 0.0827871 2.37042e-06 1.81288e-07 0.885858 0
0.02435 0.180579 -760.223 113278 2844.7 0.00222391 0.000568888 0.00367703 0.0127935 0.0121024 0.0827732 2.37004e-06 1.81581e-07 0.885858 0
0.02445 0.180641 -759.974 113324 2844.45 0.00222473 0.000569466 0.00368057 0.0127996 0.0121054 0.0827591 2.36967e-06 1.81878e-07 0.885858 0
0.02455 0.180702 -759.723 113370 2844.19 0.00222556 0.000570051 0.00368416 0.0128058 0.0121085 0.0827449 2.36931e-06 1.82177e-07 0.885858 0
0.02465 0.180765 -759.47 113417 2843.93 0.0022264 0.000570644 0.0036878 0.0128121 0.0121116 0.0827305 2.36894e-06 1.8248e-07 0.885858 0
0.02475 0.180827 -759.215 113465 2843.68 0.00222725 0.000571243 0.00369148 0.0128184 0.0121148 0.0827159 2.36858e-06 1.82785e-07 0.885858 0
0.02485 0.180891 -758.957 113514 2843.42 0.0022281 0.000571849 0.0036952 0.0128248 0.012118 0.0827011 2.36823e-06 1.83094e-07 0.885858 0
0.02495 0.180955 -758.697 113564 2843.16 0.00222897 0.000572463 0.00369897 0.0128312 0.0121212 0.0826861 2.36787e-06 1.83405e-07 0.885858 0
0.02505 0.181019 -758.435 113614 2842.9 0.00222985 0.000573084 0.00370279 0.0128378 0.0121245 0.082671 2.36752e-06 1.8372e-07 0.885858 0
0.02515 0.181084 -758.171 113665 2842.63 0.00223074 0.000573712 0.00370665 0.0128444 0.0121279 0.0826556 2.36718e-06 1.84038e-07 0.885858 0
0.02525 0.181149 -757.904 113717 2842.37 0.00223164 0.000574348 0.00371056 0.012851 0.0121313 0.0826401 2.36683e-06 1.84359e-07 0.885858 0
0.02535 0.181215 -757.635 113770 2842.1 0.00223254 0.00057499 0.00371452 0.0128578 0.0121347 0.0826245 2.36649e-06 1.84684e-07 0.885858 0
0.02545 0.181282 -757.364 113823 2841.84 0.00223346 0.000575641 0.00371853 0.0128646 0.0121382 0.0826086 2.36615e-06 1.85012e-07 0.885858 0
0.02555 0.181349 -757.09 113877 2841.57 0.00223439 0.000576299 0.00372258 0.0128714 0.0121417 0.0825925 2.36582e-06 1.85343e-07 0.885858 0
0.02565 0.181416 -756.814 113932 2841.3 0.00223533 0.000576964 0.00372668 0.0128784 0.0121453 0.0825763 2.36548e-06 1.85678e-07 0.885858 0
0.02575 0.181484 -756.535 113988 2841.03 0.00223628 0.000577637 0.00373082 0.0128854 0.0121489 0.0825599 2.36515e-06 1.86016e-07 0.885858 0
0.02585 0.181553 -756.254 114045 2840.75 0.00223724 0.000578317 0.00373501 0.0128925 0.0121526 0.0825433 2.36482e-06 1.86358e-07 0.885858 0
0.02595 0.181623 -755.971 114102 2840.48 0.0022382 0.000579005 0.00373925 0.0128997 0.0121563 0.0825266 2.36449e-06 1.86704e-07 0.885858 0
0.02605 0.181693 -755.685 114160 2840.2 0.00223918 0.0005797 0.00374354 0.0129069 0.01216 0.0825096 2.36416e-06 1.87053e-07 0.885858 0
0.02615 0.181763 -755.397 114219 2839.92 0.00224017 0.000580403 0.00374787 0.0129142 0.0121638 0.0824925 2.36382e-06 1.87407e-07 0.885858 0
0.02625 0.181835 -755.106 114278 2839.64 0.00224117 0.000581113 0.00375225 0.0129216 0.0121677 0.0824752 2.36349e-06 1.87764e-07 0.885858 0
0.02635 0.181907 -754.812 114338 2839.35 0.00224217 0.000581831 0.00375667 0.012929 0.0121715 0.0824578 2.36315e-06 1.88125e-07 0.885858 0
0.02645 0.181979 -754.516 114399 2839.07 0.00224319 0.000582556 0.00376114 0.0129365 0.0121754 0.0824402 2.36281e-06 1.8849e-07 0.885858 0
0.02655 0.182053 -754.218 114460 2838.77 0.00224421 0.000583289 0.00376565 0.0129441 0.0121793 0.0824224 2.36247e-06 1.88859e-07 0.885858 0
0.02665 0.182127 -753.917 114522 2838.48 0.00224525 0.000584029 0.00377021 0.0129518 0.0121833 0.0824045 2.36212e-06 1.89233e-07 0.885858 0
0.02675 0.182202 -753.613 114584 2838.18 0.00224629 0.000584776 0.00377481 0.0129595 0.0121872 0.0823864 2.36177e-06 1.89611e-07 0.885858 0
0.02685 0.182277 -753.306 114647 2837.88 0.00224734 0.000585531 0.00377946 0.0129673 0.0121913 0.0823681 2.36141e-06 1.89993e-07 0.885858 0
0.02695 0.182353 -752.997 114711 2837.58 0.0022484 0.000586293 0.00378415 0.0129752 0.0121953 0.0823497 2.36105e-06 1.9038e-07 0.885858 0
0.02705 0.18243 -752.685 114775 2837.27 0.00224947 0.000587062 0.00378888 0.0129831 0.0121993 0.0823311 2.36068e-06 1.90771e-07 0.885858 0
0.02715 0.182508 -752.371 114839 2836.96 0.00225054 0.000587839 0.00379366 0.0129911 0.0122034 0.0823124 2.3603e-06 1.91167e-07 0.885858 0
0.02725 0.182587 -752.053 114905 2836.64 0.00225162 0.000588622 0.00379847 0.0129992 0.0122075 0.0822936 2.35991e-06 1.91568e-07 0.885858 0
0.02735 0.182666 -751.733 114970 2836.32 0.00225272 0.000589414 0.00380333 0.0130073 0.0122116 0.0822746 2.35952e-06 1.91974e-07 0.885858 0
0.02745 0.182747 -751.41 115036 2835.99 0.00225381 0.000590212 0.00380823 0.0130156 0.0122157 0.0822554 2.35911e-06 1.92384e-07 0.885858 0
0.02755 0.182828 -751.084 115103 2835.66 0.00225492 0.000591018 0.00381318 0.0130238 0.0122199 0.0822362 2.3587e-06 1.928e-07 0.885858 0
0.02765 0.18291 -750.756 115170 2835.32 0.00225604 0.00059183 0.00381816 0.0130322 0.012224 0.0822167 2.35827e-06 1.93221e-07 0.885858 0
0.02775 0.182993 -750.424 115237 2834.98 0.00225716 0.000592651 0.00382319 0.0130406 0.0122282 0.0821972 2.35783e-06 1.93647e-07 0.885858 0
0.02785 0.183077 -750.089 115305 2834.64 0.00225829 0.000593478 0.00382826 0.0130491 0.0122323 0.0821775 2.35738e-06 1.94079e-07 0.885858 0
0.02795 0.183161 -749.752 115373 2834.29 0.00225943 0.000594313 0.00383337 0.0130577 0.0122365 0.0821576 2.35692e-06 1.94516e-07 0.885858 0
0.02805 0.183247 -749.411 115442 2833.93 0.00226057 0.000595156 0.00383853 0.0130664 0.0122407 0.0821376 2.35645e-06 1.94958e-07 0.885858 0
0.02815 0.183334 -749.068 115511 2833.57 0.00226172 0.000596006 0.00384372 0.0130751 0.0122449 0.0821175 2.35596e-06 1.95406e-07 0.885858 0
0.02825 0.183421 -748.721 115580 2833.2 0.00226288 0.000596864 0.00384896 0.0130839 0.0122491 0.0820973 2.35546e-06 1.9586e-07 0.885858 0
0.02835 0.18351 -748.371 115650 2832.83 0.00226405 0.000597729 0.00385424 0.0130927 0.0122534 0.0820769 2.35495e-06 1.9632e-07 0.885858 0
0.02845 0.183599 -748.018 115720 2832.45 0.00226523 0.000598603 0.00385957 0.0131017 0.0122576 0.0820563 2.35443e-06 1.96786e-07 0.885858 0
0.02855 0.18369 -747.662 115790 2832.06 0.00226641 0.000599484 0.00386494 0.0131107 0.0122618 0.0820356 2.35389e-06 1.97258e-07 0.885858 0
0.02865 0.183781 -747.303 115861 2831.67 0.0022676 0.000600373 0.00387036 0.0131198 0.0122661 0.0820148 2.35334e-06 1.97736e-07 0.885858 0
0.02875 0.183874 -746.94 115933 2831.27 0.0022688 0.000601271 0.00387582 0.013129 0.0122703 0.0819938 2.35277e-06 1.9822e-07 0.885858 0
0.02885 0.183967 -746.575 116005 2830.87 0.00227001 0.000602177 0.00388133 0.0131382 0.0122746 0.0819727 2.35219e-06 1.98711e-07 0.885858 0
0.02895 0.184062 -746.205 116077 2830.46 0.00227122 0.000603091 0.00388689 0.0131476 0.0122788 0.0819514 2.3516e-06 1.99208e-07 0.885858 0
0.02905 0.184157 -745.833 116150 2830.05 0.00227245 0.000604014 0.0038925 0.013157 0.0122831 0.0819299 2.351e-06 1.99711e-07 0.885858 0
0.02915 0.184254 -745.457 116223 2829.63 0.00227368 0.000604946 0.00389816 0.0131665 0.0122874 0.0819083 2.35038e-06 2.00221e-07 0.885858 0
0.02925 0.184351 -745.077 116297 2829.2 0.00227492 0.000605887 0.00390387 0.0131761 0.0122917 0.0818865 2.34975e-06 2.00738e-07 0.885858 0
0.02935 0.18445 -744.694 116371 2828.76 0.00227617 0.000606838 0.00390963 0.0131858 0.012296 0.0818645 2.34911e-06 2.01262e-07 0.885858 0
0.02945 0.18455 -744.308 116446 2828.32 0.00227743 0.000607797 0.00391544 0.0131955 0.0123004 0.0818424 2.34846e-06 2.01792e-07 0.885858 0
0.02955 0.18465 -743.918 116522 2827.88 0.0022787 0.000608767 0.00392131 0.0132054 0.0123047 0.0818201 2.34779e-06 2.0233e-07 0.885858 0
0.02965 0.184752 -743.524 116598 2827.43 0.00227998 0.000609746 0.00392724 0.0132154 0.0123091 0.0817975 2.34712e-06 2.02874e-07 0.885858 0
0.02975 0.184855 -743.126 116675 2826.97 0.00228128 0.000610735 0.00393323 0.0132254 0.0123135 0.0817748 2.34643e-06 2.03426e-07 0.885858 0
0.02985 0.184959 -742.725 116752 2826.51 0.00228258 0.000611735 0.00393927 0.0132355 0.0123179 0.0817519 2.34573e-06 2.03985e-07 0.885858 0
0.02995 0.185064 -742.32 116830 2826.04 0.00228389 0.000612745 0.00394537 0.0132458 0.0123223 0.0817288 2.34503e-06 2.04551e-07 0.885858 0
0.03005 0.18517 -741.912 116909 2825.56 0.00228521 0.000613766 0.00395154 0.0132561 0.0123268 0.0817055 2.34431e-06 2.05125e-07 0.885858 0
0.03015 0.185277 -741.499 116989 2825.08 0.00228655 0.000614797 0.00395777 0.0132666 0.0123313 0.081682 2.34358e-06 2.05706e-07 0.885858 0
0.03025 0.185386 -741.082 117069 2824.59 0.00228789 0.00061584 0.00396407 0.0132771 0.0123358 0.0816583 2.34285e-06 2.06295e-07 0.885858 0
0.03035 0.185495 -740.662 117150 2824.1 0.00228925 0.000616895 0.00397043 0.0132878 0.0123404 0.0816343 2.34211e-06 2.06892e-07 0.885858 0
0.03045 0.185605 -740.237 117232 2823.6 0.00229062 0.000617961 0.00397686 0.0132985 0.0123449 0.0816101 2.34135e-06 2.07496e-07 0.885858 0
0.03055 0.185717 -739.809 117315 2823.1 0.00229201 0.000619039 0.00398336 0.0133094 0.0123496 0.0815856 2.3406e-06 2.08109e-07 0.885858 0
0.03065 0.18583 -739.376 117398 2822.58 0.0022934 0.000620129 0.00398994 0.0133204 0.0123542 0.081561 2.33983e-06 2.08729e-07 0.885858 0
0.03075 0.185943 -738.939 117483 2822.07 0.00229481 0.000621232 0.00399658 0.0133314 0.0123589 0.081536 2.33906e-06 2.09358e-07 0.885858 0
0.03085 0.186058 -738.498 117569 2821.55 0.00229624 0.000622348 0.0040033 0.0133426 0.0123636 0.0815108 2.33828e-06 2.09995e-07 0.885858 0
0.03095 0.186174 -738.053 117655 2821.02 0.00229767 0.000623476 0.0040101 0.013354 0.0123684 0.0814854 2.33749e-06 2.1064e-07 0.885858 0
0.03105 0.186292 -737.603 117743 2820.49 0.00229912 0.000624618 0.00401698 0.0133654 0.0123732 0.0814597 2.3367e-06 2.11294e-07 0.885858 0
0.03115 0.18641 -737.149 117831 2819.95 0.00230059 0.000625773 0.00402393 0.013377 0.012378 0.0814337 2.33591e-06 2.11956e-07 0.885858 0
0.03125 0.186529 -736.69 117921 2819.4 0.00230207 0.000626941 0.00403097 0.0133886 0.0123829 0.0814074 2.33511e-06 2.12627e-07 0.885858 0
0.03135 0.18665 -736.227 118012 2818.85 0.00230356 0.000628124 0.00403809 0.0134004 0.0123879 0.0813809 2.33431e-06 2.13307e-07 0.885858 0
0.03145 0.186771 -735.76 118103 2818.3 0.00230507 0.000629321 0.0040453 0.0134124 0.0123929 0.081354 2.3335e-06 2.13996e-07 0.885858 0
0.03155 0.186894 -735.287 118196 2817.74 0.0023066 0.000630533 0.00405259 0.0134244 0.0123979 0.0813269 2.33268e-06 2.14694e-07 0.885858 0
0.03165 0.187018 -734.81 118290 2817.17 0.00230814 0.000631759 0.00405997 0.0134366 0.012403 0.0812995 2.33187e-06 2.15401e-07 0.885858 0
0.03175 0.187143 -734.328 118386 2816.6 0.0023097 0.000633 0.00406744 0.013449 0.0124082 0.0812717 2.33105e-06 2.16117e-07 0.885858 0
0.03185 0.187269 -733.841 118482 2816.02 0.00231127 0.000634257 0.004075 0.0134614 0.0124134 0.0812437 2.33022e-06 2.16844e-07 0.885858 0
0.03195 0.187397 -733.348 118580 2815.43 0.00231286 0.00063553 0.00408265 0.013474 0.0124186 0.0812153 2.32939e-06 2.1758e-07 0.885858 0
0.03205 0.187525 -732.851 118679 2814.84 0.00231447 0.000636818 0.0040904 0.0134868 0.0124239 0.0811866 2.32856e-06 2.18325e-07 0.885858 0
0.03215 0.187655 -732.349 118779 2814.24 0.00231609 0.000638123 0.00409825 0.0134996 0.0124293 0.0811576 2.32773e-06 2.19081e-07 0.885858 0
0.03225 0.187785 -731.841 118880 2813.64 0.00231774 0.000639444 0.00410619 0.0135127 0.0124347 0.0811283 2.32689e-06 2.19847e-07 0.885858 0
0.03235 0.187917 -731.328 118982 2813.03 0.0023194 0.000640782 0.00411424 0.0135258 0.0124402 0.0810986 2.32605e-06 2.20624e-07 0.885858 0
0.03245 0.18805 -730.809 119086 2812.42 0.00232107 0.000642137 0.00412239 0.0135391 0.0124457 0.0810685 2.3252e-06 2.21411e-07 0.885858 0
0.03255 0.188184 -730.285 119191 2811.8 0.00232277 0.00064351 0.00413064 0.0135526 0.0124513 0.0810382 2.32435e-06 2.22209e-07 0.885858 0
0.03265 0.18832 -729.755 119298 2811.17 0.00232448 0.0006449 0.00413899 0.0135662 0.012457 0.0810074 2.3235e-06 2.23018e-07 0.885858 0
0.03275 0.188457 -729.22 119406 2810.53 0.00232622 0.000646308 0.00414746 0.01358 0.0124627 0.0809763 2.32265e-06 2.23838e-07 0.885858 0
0.03285 0.188594 -728.679 119515 2809.89 0.00232797 0.000647734 0.00415603 0.0135939 0.0124685 0.0809449 2.32179e-06 2.2467e-07 0.885858 0
0.03295 0.188734 -728.133 119625 2809.25 0.00232974 0.000649179 0.00416471 0.013608 0.0124743 0.080913 2.32093e-06 2.25513e-07 0.885858 0
0.03305 0.188874 -727.581 119738 2808.59 0.00233153 0.000650643 0.00417351 0.0136223 0.0124802 0.0808808 2.32006e-06 2.26368e-07 0.885858 0
0.03315 0.189016 -727.023 119851 2807.93 0.00233334 0.000652126 0.00418242 0.0136367 0.0124862 0.0808483 2.3192e-06 2.27235e-07 0.885858 0
0.03325 0.189159 -726.459 119966 2807.26 0.00233517 0.000653628 0.00419144 0.0136513 0.0124922 0.0808153 2.31833e-06 2.28115e-07 0.885858 0
0.03335 0.189303 -725.889 120083 2806.59 0.00233702 0.00065515 0.00420058 0.013666 0.0124983 0.080782 2.31745e-06 2.29007e-07 0.885858 0
0.03345 0.189449 -725.314 120201 2805.9 0.00233888 0.000656692 0.00420984 0.0136809 0.0125044 0.0807482 2.31657e-06 2.29912e-07 0.885858 0
0.03355 0.189596 -724.732 120321 2805.21 0.00234077 0.000658255 0.00421922 0.013696 0.0125106 0.0807141 2.31569e-06 2.3083e-07 0.885858 0
0.03365 0.189745 -724.145 120442 2804.51 0.00234268 0.000659838 0.00422872 0.0137113 0.0125169 0.0806796 2.31481e-06 2.31762e-07 0.885858 0
0.03375 0.189895 -723.552 120565 2803.81 0.00234461 0.000661441 0.00423834 0.0137267 0.0125232 0.0806446 2.31392e-06 2.32708e-07 0.885858 0
0.03385 0.190046 -722.953 120690 2803.09 0.00234656 0.000663066 0.00424809 0.0137424 0.0125296 0.0806093 2.31302e-06 2.33668e-07 0.885858 0
0.03395 0.1902 -722.348 120816 2802.37 0.00234853 0.000664713 0.00425796 0.0137582 0.0125361 0.0805736 2.31212e-06 2.34642e-07 0.885858 0
0.03405 0.190355 -721.737 120944 2801.64 0.00235052 0.000666381 0.00426796 0.0137742 0.0125426 0.0805374 2.31122e-06 2.35632e-07 0.885858 0
0.03415 0.190511 -721.119 121074 2800.89 0.00235254 0.000668072 0.00427809 0.0137903 0.0125491 0.0805008 2.31031e-06 2.36637e-07 0.885858 0
0.03425 0.190669 -720.496 121205 2800.14 0.00235457 0.000669785 0.00428836 0.0138067 0.0125557 0.0804639 2.30939e-06 2.37661e-07 0.885858 0
0.03435 0.190829 -719.866 121339 2799.38 0.00235662 0.00067152 0.00429875 0.0138233 0.0125624 0.0804265 2.30845e-06 2.38714e-07 0.885858 0
0.03445 0.190991 -719.23 121473 2798.61 0.0023587 0.000673279 0.00430927 0.01384 0.0125691 0.0803887 2.30752e-06 2.39754e-07 0.885858 0
0.03455 0.191155 -718.588 121610 2797.83 0.0023608 0.00067506 0.00431993 0.0138569 0.0125758 0.0803504 2.30657e-06 2.40831e-07 0.885858 0
0.03465 0.19132 -717.939 121748 2797.03 0.00236291 0.000676866 0.00433072 0.0138741 0.0125826 0.0803118 2.30561e-06 2.41931e-07 0.885858 0
0.03475 0.191488 -717.284 121888 2796.22 0.00236505 0.000678696 0.00434165 0.0138914 0.0125894 0.0802727 2.30464e-06 2.43038e-07 0.885858 0
0.03485 0.191657 -716.622 122030 2795.41 0.00236721 0.000680549 0.00435272 0.013909 0.0125963 0.0802332 2.30366e-06 2.44164e-07 0.885858 0
0.03495 0.191829 -715.953 122173 2794.57 0.00236939 0.000682428 0.00436393 0.0139267 0.0126032 0.0801933 2.30266e-06 2.45309e-07 0.885858 0
0.03505 0.192003 -715.278 122318 2793.73 0.00237159 0.000684332 0.00437528 0.0139447 0.0126101 0.080153 2.30165e-06 2.46474e-07 0.885858 0
0.03515 0.192178 -714.596 122465 2792.87 0.00237381 0.000686261 0.00438677 0.0139629 0.0126171 0.0801122 2.30063e-06 2.47659e-07 0.885858 0
0.03525 0.192356 -713.907 122614 2792 0.00237605 0.000688215 0.00439841 0.0139813 0.012624 0.080071 2.29959e-06 2.48865e-07 0.885858 0
0.03535 0.192537 -713.212 122764 2791.11 0.00237832 0.000690196 0.0044102 0.0139999 0.012631 0.0800293 2.29853e-06 2.50093e-07 0.885858 0
0.03545 0.192719 -712.509 122916 2790.21 0.0023806 0.000692204 0.00442213 0.0140187 0.0126381 0.0799872 2.29746e-06 2.51344e-07 0.885858 0
0.03555 0.192904 -711.799 123070 2789.29 0.00238291 0.000694239 0.00443421 0.0140378 0.0126451 0.0799447 2.29637e-06 2.52617e-07 0.885858 0
0.03565 0.193092 -711.082 123225 2788.36 0.00238524 0.000696301 0.00444644 0.0140571 0.0126521 0.0799017 2.29526e-06 2.53913e-07 0.885858 0
0.03575 0.193282 -710.357 123383 2787.41 0.00238759 0.000698391 0.00445883 0.0140766 0.0126592 0.0798583 2.29413e-06 2.55234e-07 0.885858 0
0.03585 0.193475 -709.625 123542 2786.45 0.00238996 0.00070051 0.00447138 0.0140964 0.0126663 0.0798144 2.29298e-06 2.5658e-07 0.885858 0
0.03595 0.19367 -708.886 123703 2785.46 0.00239236 0.000702658 0.00448409 0.0141164 0.0126734 0.0797701 2.29182e-06 2.57951e-07 0.885858 0
0.03605 0.193867 -708.139 123866 2784.46 0.00239477 0.000704836 0.00449695 0.0141367 0.0126805 0.0797253 2.29064e-06 2.59349e-07 0.885858 0
0.03615 0.194068 -707.384 124031 2783.44 0.00239721 0.000707044 0.00450999 0.0141572 0.0126876 0.07968 2.28943e-06 2.60773e-07 0.885858 0
0.03625 0.194271 -706.622 124197 2782.41 0.00239967 0.000709282 0.00452319 0.0141779 0.0126947 0.0796342 2.28821e-06 2.62225e-07 0.885858 0
0.03635 0.194477 -705.852 124366 2781.35 0.00240216 0.000711552 0.00453656 0.0141989 0.0127018 0.079588 2.28697e-06 2.63706e-07 0.885858 0
0.03645 0.194686 -705.073 124537 2780.28 0.00240466 0.000713854 0.00455011 0.0142202 0.0127089 0.0795412 2.28572e-06 2.65215e-07 0.885858 0
0.03655 0.194898 -704.287 124710 2779.19 0.0024072 0.000716189 0.00456384 0.0142417 0.0127161 0.079494 2.28444e-06 2.66755e-07 0.885858 0
0.03665 0.195113 -703.492 124885 2778.07 0.00240975 0.000718557 0.00457774 0.0142635 0.0127232 0.0794462 2.28315e-06 2.68325e-07 0.885858 0
0.03675 0.195331 -702.689 125062 2776.94 0.00241233 0.000720959 0.00459184 0.0142856 0.0127303 0.0793979 2.28185e-06 2.69926e-07 0.885858 0
0.03685 0.195552 -701.877 125241 2775.79 0.00241494 0.000723396 0.00460612 0.014308 0.0127375 0.079349 2.28052e-06 2.71559e-07 0.885858 0
0.03695 0.195776 -701.057 125423 2774.62 0.00241757 0.000725868 0.0046206 0.0143307 0.0127446 0.0792996 2.27919e-06 2.73226e-07 0.885858 0
0.03705 0.196003 -700.228 125607 2773.42 0.00242022 0.000728377 0.00463528 0.0143536 0.0127518 0.0792497 2.27783e-06 2.74926e-07 0.885858 0
0.03715 0.196234 -699.39 125794 2772.21 0.00242291 0.000730924 0.00465015 0.0143769 0.012759 0.0791992 2.27647e-06 2.76661e-07 0.885858 0
0.03725 0.196467 -698.543 125983 2770.97 0.00242562 0.000733508 0.00466524 0.0144004 0.0127661 0.079148 2.27509e-06 2.78432e-07 0.885858 0
0.03735 0.196704 -697.687 126175 2769.72 0.00242835 0.000736131 0.00468053 0.0144243 0.0127733 0.0790963 2.27371e-06 2.80239e-07 0.885858 0
0.03745 0.196945 -696.822 126370 2768.44 0.00243112 0.000738794 0.00469605 0.0144485 0.0127805 0.079044 2.27231e-06 2.82084e-07 0.885858 0
0.03755 0.197189 -695.947 126567 2767.14 0.00243391 0.000741497 0.00471178 0.014473 0.0127877 0.0789911 2.27091e-06 2.83966e-07 0.885858 0
0.03765 0.197436 -695.062 126768 2765.82 0.00243673 0.000744242 0.00472774 0.0144978 0.0127949 0.0789375 2.2695e-06 2.85888e-07 0.885858 0
0.03775 0.197687 -694.168 126971 2764.48 0.00243958 0.00074703 0.00474393 0.014523 0.0128021 0.0788833 2.26808e-06 2.87851e-07 0.885858 0
0.03785 0.197941 -693.264 127177 2763.11 0.00244247 0.00074986 0.00476036 0.0145485 0.0128094 0.0788284 2.26666e-06 2.89855e-07 0.885858 0
0.03795 0.198199 -692.349 127387 2761.73 0.00244538 0.000752736 0.00477703 0.0145743 0.0128166 0.0787729 2.26523e-06 2.91901e-07 0.885858 0
0.03805 0.198461 -691.425 127600 2760.32 0.00244832 0.000755657 0.00479395 0.0146005 0.0128239 0.0787166 2.2638e-06 2.93991e-07 0.885858 0
0.03815 0.198727 -690.49 127816 2758.88 0.00245129 0.000758624 0.00481112 0.0146271 0.0128312 0.0786597 2.26238e-06 2.96126e-07 0.885858 0
0.03825 0.198996 -689.544 128035 2757.43 0.0024543 0.000761639 0.00482855 0.014654 0.0128385 0.078602 2.26095e-06 2.98307e-07 0.885858 0
0.03835 0.199269 -688.588 128258 2755.94 0.00245734 0.000764703 0.00484625 0.0146813 0.0128458 0.0785436 2.25953e-06 3.00535e-07 0.885858 0
0.03845 0.199546 -687.621 128485 2754.44 0.00246041 0.000767816 0.00486422 0.014709 0.0128531 0.0784844 2.25811e-06 3.02811e-07 0.885858 0
0.03855 0.199828 -686.642 128716 2752.91 0.00246352 0.000770981 0.00488246 0.0147371 0.0128604 0.0784245 2.25669e-06 3.05138e-07 0.885858 0
0.03865 0.200113 -685.652 128950 2751.36 0.00246666 0.000774198 0.00490099 0.0147655 0.0128678 0.0783638 2.25529e-06 3.07516e-07 0.885858 0
0.03875 0.200403 -684.651 129189 2749.78 0.00246984 0.000777468 0.00491981 0.0147944 0.0128751 0.0783023 2.25389e-06 3.09946e-07 0.885858 0
0.03885 0.200696 -683.637 129431 2748.17 0.00247305 0.000780793 0.00493893 0.0148237 0.0128825 0.07824 2.2525e-06 3.12431e-07 0.885858 0
0.03895 0.200995 -682.612 129678 2746.54 0.0024763 0.000784174 0.00495835 0.0148534 0.0128899 0.0781768 2.25113e-06 3.14972e-07 0.885858 0
0.03905 0.201297 -681.574 129929 2744.89 0.00247958 0.000787612 0.00497808 0.0148835 0.0128974 0.0781128 2.24977e-06 3.17571e-07 0.885858 0
0.03915 0.201604 -680.524 130185 2743.2 0.0024829 0.00079111 0.00499813 0.0149141 0.0129048 0.0780479 2.24843e-06 3.20229e-07 0.885858 0
0.03925 0.201916 -679.462 130445 2741.49 0.00248626 0.000794667 0.00501851 0.0149451 0.0129122 0.0779821 2.2471e-06 3.22948e-07 0.885858 0
0.03935 0.202232 -678.386 130710 2739.75 0.00248966 0.000798286 0.00503922 0.0149766 0.0129197 0.0779155 2.2458e-06 3.25731e-07 0.885858 0
0.03945 0.202553 -677.298 130980 2737.99 0.0024931 0.000801968 0.00506027 0.0150086 0.0129272 0.0778479 2.24451e-06 3.28578e-07 0.885858 0
0.03955 0.202879 -676.195 131255 2736.19 0.00249658 0.000805716 0.00508167 0.015041 0.0129347 0.0777793 2.24325e-06 3.31493e-07 0.885858 0
0.03965 0.20321 -675.08 131535 2734.37 0.0025001 0.000809529 0.00510343 0.0150739 0.0129422 0.0777098 2.24202e-06 3.34477e-07 0.885858 0
0.03975 0.203546 -673.95 131820 2732.51 0.00250366 0.000813411 0.00512556 0.0151073 0.0129497 0.0776393 2.24081e-06 3.37533e-07 0.885858 0
0.03985 0.203888 -672.806 132111 2730.63 0.00250726 0.000817363 0.00514807 0.0151412 0.0129572 0.0775678 2.23964e-06 3.40664e-07 0.885858 0
0.03995 0.204234 -671.647 132407 2728.71 0.00251091 0.000821386 0.00517096 0.0151756 0.0129648 0.0774953 2.23849e-06 3.43871e-07 0.885858 0
0.04005 0.204586 -670.474 132710 2726.76 0.00251459 0.000825484 0.00519425 0.0152106 0.0129723 0.0774217 2.23739e-06 3.47157e-07 0.885858 0
0.04015 0.204944 -669.285 133018 2724.78 0.00251833 0.000829657 0.00521794 0.0152461 0.0129799 0.0773471 2.23632e-06 3.50526e-07 0.885858 0
0.04025 0.205307 -668.081 133332 2722.77 0.00252211 0.000833908 0.00524205 0.0152821 0.0129874 0.0772713 2.23529e-06 3.53979e-07 0.885858 0
0.04035 0.205676 -666.861 133652 2720.72 0.00252593 0.000838238 0.00526658 0.0153188 0.0129949 0.0771945 2.2343e-06 3.57521e-07 0.885858 0
0.04045 0.206052 -665.625 133979 2718.64 0.0025298 0.000842651 0.00529156 0.015356 0.0130025 0.0771165 2.23336e-06 3.61155e-07 0.885858 0
0.04055 0.206433 -664.373 134313 2716.52 0.00253371 0.000847149 0.00531698 0.0153938 0.01301 0.0770373 2.23246e-06 3.64884e-07 0.885858 0
0.04065 0.206821 -663.104 134653 2714.36 0.00253768 0.000851733 0.00534287 0.0154322 0.0130175 0.0769569 2.23162e-06 3.68711e-07 0.885858 0
0.04075 0.207215 -661.818 135001 2712.17 0.00254169 0.000856406 0.00536923 0.0154713 0.013025 0.0768753 2.23083e-06 3.72643e-07 0.885858 0
0.04085 0.207616 -660.513 135355 2709.93 0.00254576 0.000861172 0.00539607 0.015511 0.0130325 0.0767925 2.2301e-06 3.76679e-07 0.885858 0
0.04095 0.208024 -659.192 135717 2707.66 0.00254987 0.000866033 0.00542342 0.0155513 0.0130399 0.0767083 2.22943e-06 3.80827e-07 0.885858 0
0.04105 0.208438 -657.851 136087 2705.34 0.00255403 0.000870991 0.00545128 0.0155924 0.0130474 0.0766229 2.22883e-06 3.85091e-07 0.885858 0
0.04115 0.208861 -656.492 136465 2702.98 0.00255825 0.000876051 0.00547967 0.0156341 0.0130547 0.0765361 2.22829e-06 3.89475e-07 0.885858 0
0.04125 0.20929 -655.113 136851 2700.58 0.00256252 0.000881214 0.00550861 0.0156766 0.0130621 0.0764479 2.22783e-06 3.93985e-07 0.885858 0
0.04135 0.209727 -653.715 137246 2698.13 0.00256684 0.000886485 0.00553811 0.0157198 0.0130694 0.0763583 2.22744e-06 3.98627e-07 0.885858 0
0.04145 0.210173 -652.296 137649 2695.63 0.00257122 0.000891866 0.00556819 0.0157638 0.0130766 0.0762672 2.22713e-06 4.03406e-07 0.885858 0
0.04155 0.210626 -650.857 138061 2693.09 0.00257565 0.000897363 0.00559886 0.0158086 0.0130838 0.0761747 2.22691e-06 4.08329e-07 0.885858 0
0.04165 0.211088 -649.396 138483 2690.49 0.00258014 0.000902978 0.00563015 0.0158541 0.0130909 0.0760806 2.22677e-06 4.13402e-07 0.885858 0
0.04175 0.211559 -647.913 138914 2687.84 0.00258469 0.000908715 0.00566207 0.0159005 0.0130979 0.075985 2.22673e-06 4.18633e-07 0.885858 0
0.04185 0.212039 -646.408 139355 2685.13 0.0025893 0.00091458 0.00569465 0.0159478 0.0131048 0.0758878 2.22679e-06 4.24031e-07 0.885858 0
0.04195 0.212528 -644.88 139806 2682.37 0.00259396 0.000920576 0.0057279 0.015996 0.0131116 0.0757889 2.22696e-06 4.29602e-07 0.885858 0
0.04205 0.213028 -643.328 140268 2679.55 0.00259869 0.000926708 0.00576184 0.0160451 0.0131182 0.0756883 2.22724e-06 4.35357e-07 0.885858 0
0.04215 0.213537 -641.752 140741 2676.66 0.00260348 0.000932981 0.00579651 0.0160951 0.0131248 0.075586 2.22763e-06 4.41304e-07 0.885858 0
0.04225 0.214057 -640.15 141225 2673.71 0.00260833 0.000939401 0.00583191 0.0161462 0.0131311 0.0754819 2.22815e-06 4.47455e-07 0.885858 0
0.04235 0.214588 -638.523 141720 2670.69 0.00261324 0.000945973 0.00586809 0.0161982 0.0131373 0.075376 2.2288e-06 4.53821e-07 0.885858 0
0.04245 0.21513 -636.869 142228 2667.6 0.00261822 0.000952704 0.00590505 0.0162514 0.0131433 0.0752681 2.22959e-06 4.60413e-07 0.885858 0
0.04255 0.215685 -635.188 142747 2664.44 0.00262326 0.000959598 0.00594284 0.0163056 0.0131491 0.0751584 2.23053e-06 4.67245e-07 0.885858 0
0.04265 0.216252 -633.479 143280 2661.19 0.00262837 0.000966663 0.00598148 0.016361 0.0131547 0.0750467 2.23163e-06 4.74331e-07 0.885858 0
0.04275 0.216832 -631.741 143826 2657.86 0.00263355 0.000973906 0.00602099 0.0164175 0.01316 0.0749329 2.23289e-06 4.81685e-07 0.885858 0
0.04285 0.217425 -629.973 144386 2654.45 0.0026388 0.000981334 0.00606142 0.0164753 0.0131649 0.074817 2.23434e-06 4.89325e-07 0.885858 0
0.04295 0.218033 -628.173 144960 2650.95 0.00264411 0.000988954 0.00610278 0.0165344 0.0131696 0.0746989 2.23597e-06 4.97268e-07 0.885858 0
0.04305 0.218655 -626.342 145549 2647.35 0.00264949 0.000996775 0.00614513 0.0165948 0.0131739 0.0745786 2.23781e-06 5.05532e-07 0.885858 0
0.04315 0.219293 -624.477 146154 2643.66 0.00265495 0.0010048 0.00618849 0.0166566 0.0131779 0.074456 2.23987e-06 5.14137e-07 0.885858 0
0.04325 0.219947 -622.578 146774 2639.86 0.00266047 0.00101305 0.0062329 0.0167198 0.0131814 0.0743311 2.24216e-06 5.23107e-07 0.885858 0
0.04335 0.220618 -620.644 147412 2635.95 0.00266607 0.00102153 0.0062784 0.0167846 0.0131845 0.0742037 2.2447e-06 5.32464e-07 0.885858 0
0.04345 0.221306 -618.673 148066 2631.93 0.00267174 0.00103024 0.00632504 0.0168509 0.0131871 0.0740737 2.24752e-06 5.42234e-07 0.885858 0
0.04355 0.222013 -616.664 148739 2627.79 0.00267749 0.00103921 0.00637286 0.0169188 0.0131892 0.0739411 2.25063e-06 5.52444e-07 0.885858 0
0.04365 0.222739 -614.615 149431 2623.53 0.00268331 0.00104843 0.00642191 0.0169884 0.0131908 0.0738059 2.25405e-06 5.63124e-07 0.885858 0
0.04375 0.223486 -612.524 150144 2619.14 0.00268921 0.00105793 0.00647224 0.0170599 0.0131917 0.0736678 2.25781e-06 5.74307e-07 0.885858 0
0.04385 0.224254 -610.391 150877 2614.62 0.00269518 0.00106771 0.0065239 0.0171331 0.013192 0.0735268 2.26194e-06 5.86028e-07 0.885858 0
0.04395 0.225044 -608.214 151632 2609.95 0.00270124 0.00107779 0.00657696 0.0172083 0.0131916 0.0733827 2.26646e-06 5.98326e-07 0.885858 0
0.04405 0.225858 -605.989 152411 2605.14 0.00270737 0.00108819 0.00663147 0.0172855 0.0131905 0.0732356 2.2714e-06 6.11241e-07 0.885858 0
0.04415 0.226695 -603.717 153214 2600.18 0.00271359 0.00109892 0.0066875 0.0173648 0.0131886 0.0730852 2.27681e-06 6.2482e-07 0.885858 0
0.04425 0.227559 -601.394 154043 2595.05 0.00271989 0.00110999 0.00674512 0.0174464 0.0131859 0.0729313 2.28271e-06 6.39114e-07 0.885858 0
0.04435 0.22845 -599.018 154900 2589.76 0.00272627 0.00112144 0.0068044 0.0175303 0.0131823 0.072774 2.28915e-06 6.54177e-07 0.885858 0
0.04445 0.229369 -596.587 155786 2584.29 0.00273274 0.00113326 0.00686542 0.0176166 0.0131777 0.0726129 2.29617e-06 6.70071e-07 0.885858 0
0.04455 0.230319 -594.098 156702 2578.63 0.00273929 0.00114549 0.00692827 0.0177054 0.013172 0.072448 2.30382e-06 6.86862e-07 0.885858 0
0.04465 0.2313 -591.548 157651 2572.79 0.00274593 0.00115816 0.00699304 0.017797 0.0131653 0.0722791 2.31215e-06 7.04627e-07 0.885858 0
0.04475 0.232314 -588.935 158635 2566.74 0.00275265 0.00117127 0.00705982 0.0178914 0.0131573 0.072106 2.32122e-06 7.23448e-07 0.885858 0
0.04485 0.233364 -586.255 159656 2560.47 0.00275947 0.00118487 0.00712872 0.0179888 0.0131481 0.0719284 2.33109e-06 7.43419e-07 0.885858 0
0.04495 0.234452 -583.504 160716 2553.98 0.00276637 0.00119898 0.00719986 0.0180894 0.0131375 0.0717463 2.34183e-06 7.64644e-07 0.885858 0
0.04505 0.23558 -580.68 161818 2547.26 0.00277335 0.00121363 0.00727334 0.0181933 0.0131254 0.0715593 2.35351e-06 7.87239e-07 0.885858 0
0.04515 0.23675 -577.777 162966 2540.28 0.00278043 0.00122886 0.0073493 0.0183008 0.0131117 0.0713673 2.36622e-06 8.11338e-07 0.885858 0
0.04525 0.237966 -574.792 164161 2533.04 0.00278759 0.0012447 0.00742789 0.018412 0.0130962 0.0711699 2.38004e-06 8.37089e-07 0.885858 0
0.04535 0.23923 -571.718 165408 2525.52 0.00279484 0.00126119 0.00750926 0.0185272 0.0130789 0.0709669 2.39509e-06 8.64662e-07 0.885858 0
0.04545 0.240547 -568.552 166711 2517.69 0.00280218 0.00127839 0.00759356 0.0186467 0.0130594 0.070758 2.41147e-06 8.94251e-07 0.885858 0
0.04555 0.241919 -565.288 168073 2509.55 0.00280959 0.00129633 0.00768099 0.0187708 0.0130378 0.0705427 2.4293e-06 9.26078e-07 0.885858 0
0.04565 0.243351 -561.918 169501 2501.07 0.0028171 0.00131509 0.00777174 0.0188997 0.0130136 0.0703209 2.44874e-06 9.60398e-07 0.885858 0
0.04575 0.244848 -558.435 170998 2492.22 0.00282468 0.00133471 0.00786602 0.019034 0.0129868 0.070092 2.46994e-06 9.97506e-07 0.885858 0
0.04585 0.246415 -554.833 172572 2482.99 0.00283234 0.00135527 0.00796406 0.0191739 0.0129569 0.0698555 2.49308e-06 1.03774e-06 0.885858 0
0.04595 0.248059 -551.102 174230 2473.33 0.00284008 0.00137684 0.00806611 0.01932 0.0129239 0.069611 2.51838e-06 1.08151e-06 0.885858 0
0.04605 0.249785 -547.233 175978 2463.22 0.0028479 0.00139952 0.00817246 0.0194728 0.0128872 0.069358 2.54605e-06 1.12928e-06 0.885858 0
0.04615 0.251602 -543.214 177826 2452.62 0.0028558 0.00142338 0.00828338 0.0196331 0.0128465 0.0690956 2.5764e-06 1.18161e-06 0.885858 0
0.04625 0.253519 -539.034 179784 2441.5 0.0028638 0.00144854 0.0083992 0.0198017 0.0128013 0.0688232 2.60973e-06 1.23915e-06 0.885858 0
0.04635 0.255544 -534.679 181863 2429.79 0.00287191 0.00147512 0.00852023 0.0199795 0.0127512 0.0685397 2.64643e-06 1.3027e-06 0.885858 0
0.04645 0.257691 -530.134 184077 2417.45 0.00288017 0.00150325 0.0086468 0.0201679 0.0126954 0.068244 2.68698e-06 1.3732e-06 0.885858 0
0.04655 0.259973 -525.38 186441 2404.42 0.00288866 0.00153307 0.00877922 0.0203687 0.0126332 0.0679345 2.73194e-06 1.45183e-06 0.885858 0
0.04665 0.262404 -520.397 188973 2390.63 0.0028975 0.00156473 0.00891772 0.0205842 0.0125637 0.0676093 2.78204e-06 1.53999e-06 0.885858 0
0.04675 0.265004 -515.163 191695 2376 0.00290691 0.0015984 0.00906241 0.020818 0.0124858 0.0672655 2.83822e-06 1.63943e-06 0.885858 0
0.04685 0.267795 -509.65 194632 2360.42 0.00291727 0.00163423 0.00921314 0.021075 0.0123983 0.066899 2.90172e-06 1.75232e-06 0.885858 0
0.04695 0.270802 -503.827 197814 2343.8 0.00292922 0.00167236 0.0093693 0.0213627 0.0122993 0.0665038 2.97426e-06 1.88141e-06 0.885858 0
0.04705 0.274056 -497.659 201278 2326.01 0.00294386 0.00171285 0.00952945 0.0216928 0.0121867 0.0660707 3.05828e-06 2.0301e-06 0.885858 0
0.04715 0.277594 -491.103 205066 2306.89 0.00296303 0.00175563 0.00969077 0.0220836 0.012058 0.0655851 3.15734e-06 2.20279e-06 0.885858 0
0.04725 0.281461 -484.113 209233 2286.27 0.00298985 0.00180039 0.00984812 0.0225639 0.0119096 0.065024 3.27677e-06 2.40511e-06 0.885858 0
0.04735 0.285711 -476.634 213841 2263.95 0.00302957 0.0018463 0.00999252 0.0231801 0.0117369 0.0643501 3.42474e-06 2.64419e-06 0.885858 0
0.04745 0.290406 -468.611 218966 2239.68 0.00309099 0.00189168 0.0101089 0.0240068 0.0115335 0.0635032 3.61401e-06 2.92878e-06 0.885858 0
0.04755 0.295617 -459.989 224698 2213.21 0.00318872 0.00193332 0.0101729 0.0251631 0.01129 0.0623864 3.86428e-06 3.26885e-06 0.885858 0
0.04765 0.301417 -450.735 231127 2184.26 0.00334666 0.00196543 0.0101464 0.0268379 0.0109915 0.0608457 4.20602e-06 3.67236e-06 0.885858 0
0.04775 0.30786 -440.873 238333 2152.63 0.00360288 0.00197805 0.00997324 0.0293226 0.0106121 0.0586438 4.68379e-06 4.13517e-06 0.885858 0
0.04785 0.314938 -430.546 246331 2118.3 0.00401495 0.00195509 0.00957626 0.0330449 0.0101063 0.0554341 5.35754e-06 4.6124e-06 0.885858 0
0.04795 0.322503 -420.116 254986 2081.72 0.00466201 0.00187295 0.00886261 0.038575 0.00939661 0.0507611 6.29085e-06 4.95933e-06 0.885858 0
0.04805 0.330166 -410.24 263883 2044.24 0.00563293 0.00170268 0.00774694 0.0465265 0.00837092 0.0441491 7.51127e-06 4.87156e-06 0.885858 0
0.04815 0.337249 -401.799 272252 2008.6 0.00698118 0.00142178 0.00620663 0.0572195 0.00692052 0.035379 8.93368e-06 4.00497e-06 0.885858 0
0.04825 0.34297 -395.552 279145 1978.64 0.00863604 0.00104027 0.00436633 0.0700421 0.00505651 0.0249875 1.03044e-05 2.45435e-06 0.885858 0
0.04835 0.346842 -391.69 283910 1957.43 0.0103257 0.000626392 0.0025459 0.082929 0.00305537 0.0146468 1.12861e-05 9.92193e-07 0.885858 0
0.04845 0.348953 -389.786 286577 1945.22 0.0116642 0.000287013 0.00114115 0.0930403 0.00140411 0.00659327 1.12621e-05 2.40595e-07 0.885858 0
0.04855 0.34421 -400.044 282462 1928.03 0.0124331 8.86718e-05 0.000346104 0.098826 0.000425727 0.00201413 7.77576e-06 3.62157e-08 0.885858 0
0.04865 0.17196 -922.223 151621 1382.32 0.0127244 1.29753e-05 4.57534e-05 0.10102 4.81743e-05 0.000288891 1.2966e-06 5.02768e-09 0.885858 0
0.04875 0.0849823 -1627 105801 298 0.0127726 4.40848e-42 0 0.101369 0 0 3.56307e-40 0 0.885858 0
0.04885 0.0849823 -1627 105801 298 0.0127726 4.40848e-42 0 0.101369 0 0 3.56307e-40 0 0.885858 0
0.04895 0.0849823 -1627 105801 298 0.0127726 4.40848e-42 0 0.101369 0 0 3.56307e-40 0 0.885858 0
0.04905 0.0849823 -1627 105801 298 0.0127726 4.40848e-42 0 0.101369 0 0 3.56307e-40 0 0.885858 0
0.04915 0.0849823 -1627 105801 298 0.0127726 4.40848e-42 0 0.101369 0 0 3.56307e-40 0 0.885858 0
0.04925 0.0849823 -1627 105801 298 0.0127726 4.40848e-42 0 0.101369 0 0 3.56307e-40 0 0.885858 0
0.04935 0.0849823 -1627 105801 298 0.0127726 4.40848e-42 0 0.101369 0 0 3.56307e-40 0 0.885858 0
0.04945 0.0849823 -1627 105801 298 0.0127726 4.40848e-42 0 0.101369 0 0 3.56307e-40 0 0.885858 0
0.04955 0.0849823 -1627 105801 298 0.0127726 4.40848e-42 0 0.101369 0 0 3.56307e-40 0 0.885858 0
0.04965 0.0849823 -1627 105801 298 0.0127726 4.40848e-42 0 0.101369 0 0 3.56307e-40 0 0.885858 0
0.04975 0.0849823 -1627 105801 298 0.0127726 4.40848e-42 0 0.101369 0 0 3.56307e-40 0 0.885858 0
0.04985 0.0849823 -1627 105801 298 0.0127726 4.40848e-42 0 0.101369 0 0 3.56307e-40 0 0.885858 0
0.04995 0.0849823 -1627 105801 298 0.0127726 4.40848e-42 0 0.101369 0 0 3.56307e-40 0 0.885858 0
0.05005 0.0849823 -1627 105801 298 0.0127726 4.40848e-42 0 0.101369 0 0 3.56307e-40 0 0.885858 0
0.05015 0.0849823 -1627 105801 298 0.0127726 4.40848e-42 0 0.101369 0 0 3.56307e-40 0 0.885858 0
0.05025 0.0849823 -1627 105801 298 0.0127726 4.40848e-42 0 0.101369 0 0 3.56307e-40 0 0.885858 0
0.05035 0.0849823 -1627 105801 298 0.0127726 4.40848e-42 0 0.101369 0 0 3.56307e-40 0 0.885858 0
0.05045 0.0849823 -1627 105801 298 0.0127726 4.40848e-42 0 0.101369 0 0 3.56307e-40 0 0.885858 0
0.05055 0.0849823 -1627 105801 298 0.0127726 4.40848e-42 0 0.101369 0 0 3.56307e-40 0 0.885858 0
0.05065 0.0849823 -1627 105801 298 0.0127726 4.40848e-42 0 0.101369 0 0 3.56307e-40 0 0.885858 0
0.05075 0.0849823 -1627 105801 298 0.0127726 4.40848e-42 0 0.101369 0 0 3.56307e-40 0 0.885858 0
0.05085 0.0849823 -1627 105801 298 0.0127726 4.40848e-42 0 0.101369 0 0 3.56307e-40 0 0.885858 0
0.05095 0.0849823 -1627 105801 298 0.0127726 4.40848e-42 0 0.101369 0 0 3.56307e-40 0 0.885858 0
0.05105 0.0849823 -1627 105801 298 0.0127726 4.40848e-42 0 0.101369 0 0 3.56307e-40 0 0.885858 0
0.05115 0.0849823 -1627 105801 298 0.0127726 4.40848e-42 0 0.101369 0 0 3.56307e-40 0 0.885858 0
0.05125 0.0849823 -1627 105801 298 0.0127726 4.40848e-42 0 0.101369 0 0 3.56307e-40 0 0.885858 0
0.05135 0.0849823 -1627 105801 298 0.0127726 4.40848e-42 0 0.101369 0 0 3.56307e-40 0 0.885858 0
0.05145 0.0849823 -1627 105801 298 0.0127726 4.40848e-42 0 0.101369 0 0 3.56307e-40 0 0.885858 0
0.05155 0.0849823 -1627 105801 298 0.0127726 4.40848e-42 0 0.101369 0 0 3.56307e-40 0 0.885858 0
0.05165 0.0849823 -1627 105801 298 0.0127726 4.40848e-42 0 0.101369 0 0 3.56307e-40 0 0.885858 0
0.05175 0.0849823 -1627 105801 298 0.0127726 4.40848e-42 0 0.101369 0 0 3.56307e-40 0 0.885858 0
0.05185 0.0849823 -1627 105801 298 0.0127726 4.40848e-42 0 0.101369 0 0 3.56307e-40 0 0.885858 0
0.05195 0.0849823 -1627 105801 298 0.0127726 4.40848e-42 0 0.101369 0 0 3.56307e-40 0 0.885858 0
0.05205 0.0849823 -1627 105801 298 0.0127726 4.40848e-42 0 0.101369 0 0 3.56307e-40 0 0.885858 0
0.05215 0.0849823 -1627 105801 298 0.0127726 4.40848e-42 0 0.101369 0 0 3.56307e-40 0 0.885858 0
0.05225 0.0849823 -1627 105801 298 0.0127726 4.40848e-42 0 0.101369 0 0 3.56307e-40 0 0.885858 0
0.05235 0.0849823 -1627 105801 298 0.0127726 4.40848e-42 0 0.101369 0 0 3.56307e-40 0 0.885858 0
0.05245 0.0849823 -1627 105801 298 0.0127726 4.40848e-42 0 0.101369 0 0 3.56307e-40 0 0.885858 0
0.05255 0.0849823 -1627 105801 298 0.0127726 4.40848e-42 0 0.101369 0 0 3.56307e-40 0 0.885858 0
0.05265 0.0849823 -1627 105801 298 0.0127726 4.40848e-42 0 0.101369 0 0 3.56307e-40 0 0.885858 0
0.05275 0.0849823 -1627 105801 298 0.0127726 4.40848e-42 0 0.101369 0 0 3.56307e-40 0 0.885858 0
0.05285 0.0849823 -1627 105801 298 0.0127726 4.40848e-42 0 0.101369 0 0 3.56307e-40 0 0.885858 0
0.05295 0.0849823 -1627 105801 298 0.0127726 4.40848e-42 0 0.101369 0 0 3.56307e-40 0 0.885858 0
0.05305 0.0849823 -1627 105801 298 0.0127726 4.40848e-42 0 0.101369 0 0 3.56307e-40 0 0.885858 0
0.05315 0.0849823 -1627 105801 298 0.0127726 4.40848e-42 0 0.101369 0 0 3.56307e-40 0 0.885858 0
0.05325 0.0849823 -1627 105801 298 0.0127726 4.40848e-42 0 0.101369 0 0 3.56307e-40 0 0.885858 0
0.05335 0.0849823 -1627 105801 298 0.0127726 4.40848e-42 0 0.101369 0 0 3.56307e-40 0 0.885858 0
0.05345 0.0849823 -1627 105801 298 0.0127726 4.40848e-42 0 0.101369 0 0 3.56307e-40 0 0.885858 0
0.05355 0.0849823 -1627 105801 298 0.0127726 4.40848e-42 0 0.101369 0 0 3.56307e-40 0 0.885858 0
0.05365 0.0849823 -1627 105801 298 0.0127726 4.40848e-42 0 0.101369 0 0 3.56307e-40 0 0.885858 0
0.05375 0.0849823 -1627 105801 298 0.0127726 4.40848e-42 0 0.101369 0 0 3.56307e-40 0 0.885858 0
0.05385 0.0849823 -1627 105801 298 0.0127726 4.40848e-42 0 0.101369 0 0 3.56307e-40 0 0.885858 0
0.05395 0.0849823 -1627 105801 298 0.0127726 4.40848e-42 0 0.101369 0 0 3.56307e-40 0 0.885858 0
0.05405 0.0849823 -1627 105801 298 0.0127726 4.40848e-42 0 0.101369 0 0 3.56307e-40 0 0.885858 0
0.05415 0.0849823 -1627 105801 298 0.0127726 4.40848e-42 0 0.101369 0 0 3.56307e-40 0 0.885858 0
0.05425 0.0849823 -1627 105801 298 0.0127726 4.40848e-42 0 0.101369 0 0 3.56307e-40 0 0.885858 0
0.05435 0.0849823 -1627 105801 298 0.0127726 4.40848e-42 0 0.101369 0 0 3.56307e-40 0 0.885858 0
0.05445 0.0849823 -1627 105801 298 0.0127726 4.40848e-42 0 0.101369 0 0 3.56307e-40 0 0.885858 0
0.05455 0.0849823 -1627 105801 298 0.0127726 4.40848e-42 0 0.101369 0 0 3.56307e-40 0 0.885858 0
0.05465 0.0849823 -1627 105801 298 0.0127726 4.40848e-42 0 0.101369 0 0 3.56307e-40 0 0.885858 0
0.05475 0.0849823 -1627 105801 298 0.0127726 4.40848e-42 0 0.101369 0 0 3.56307e-40 0 0.885858 0
0.05485 0.0849823 -1627 105801 298 0.0127726 4.40848e-42 0 0.101369 0 0 3.56307e-40 0 0.885858 0
0.05495 0.0849823 -1627 105801 298 0.0127726 4.40848e-42 0 0.101369 0 0 3.56307e-40 0 0.885858 0
0.05505 0.0849823 -1627 105801 298 0.0127726 4.40848e-42 0 0.101369 0 0 3.56307e-40 0 0.885858 0
0.05515 0.0849823 -1627 105801 298 0.0127726 4.40848e-42 0 0.101369 0 0 3.56307e-40 0 0.885858 0
0.05525 0.0849823 -1627 105801 298 0.0127726 4.40848e-42 0 0.101369 0 0 3.56307e-40 0 0.885858 0
0.05535 0.0849823 -1627 105801 298 0.0127726 4.40848e-42 0 0.101369 0 0 3.56307e-40 0 0.885858 0
0.05545 0.0849823 -1627 105801 298 0.0127726 4.40848e-42 0 0.101369 0 0 3.56307e-40 0 0.885858 0
0.05555 0.0849823 -1627 105801 298 0.0127726 4.40848e-42 0 0.101369 0 0 3.56307e-40 0 0.885858 0
0.05565 0.0849823 -1627 105801 298 0.0127726 4.40848e-42 0 0.101369 0 0 3.56307e-40 0 0.885858 0
0.05575 0.0849823 -1627 105801 298 0.0127726 4.40848e-42 0 0.101369 0 0 3.56307e-40 0 0.885858 0
0.05585 0.0849823 -1627 105801 298 0.0127726 4.40848e-42 0 0.101369 0 0 3.56307e-40 0 0.885858 0
0.05595 0.0849823 -1627 105801 298 0.0127726 4.40848e-42 0 0.101369 0 0 3.56307e-40 0 0.885858 0
0.05605 0.0849823 -1627 105801 298 0.0127726 4.40848e-42 0 0.101369 0 0 3.56307e-40 0 0.885858 0
0.05615 0.0849823 -1627 105801 298 0.0127726 4.40848e-42 0 0.101369 0 0 3.56307e-40 0 0.885858 0
0.05625 0.0849823 -1627 105801 298 0.0127726 4.40848e-42 0 0.101369 0 0 3.56307e-40 0 0.885858 0
0.05635 0.0849823 -1627 105801 298 0.0127726 4.40848e-42 0 0.101369 0 0 3.56307e-40 0 0.885858 0
0.05645 0.0849823 -1627 105801 298 0.0127726 4.40848e-42 0 0.101369 0 0 3.56307e-40 0 0.885858 0
0.05655 0.0849823 -1627 105801 298 0.0127726 4.40848e-42 0 0.101369 0 0 3.56307e-40 0 0.885858 0
0.05665 0.0849823 -1627 105801 298 0.0127726 4.40848e-42 0 0.101369 0 0 3.56307e-40 0 0.885858 0
0.05675 0.0849823 -1627 105801 298 0.0127726 4.40848e-42 0 0.101369 0 0 3.56307e-40 0 0.885858 0
0.05685 0.0849823 -1627 105801 298 0.0127726 4.40848e-42 0 0.101369 0 0 3.56307e-40 0 0.885858 0
0.05695 0.0849823 -1627 105801 298 0.0127726 4.40848e-42 0 0.101369 0 0 3.56307e-40 0 0.885858 0
0.05705 0.0849823 -1627 105801 298 0.0127726 4.40848e-42 0 0.101369 0 0 3.56307e-40 0 0.885858 0
0.05715 0.0849823 -1627 105801 298 0.0127726 4.40848e-42 0 0.101369 0 0 3.56307e-40 0 0.885858 0
0.05725 0.0849823 -1627 105801 298 0.0127726 4.40848e-42 0 0.101369 0 0 3.56307e-40 0 0.885858 0
0.05735 0.0849823 -1627 105801 298 0.0127726 4.40848e-42 0 0.101369 0 0 3.56307e-40 0 0.885858 0
0.05745 0.0849823 -1627 105801 298 0.0127726 4.40848e-42 0 0.101369 0 0 3.56307e-40 0 0.885858 0
0.05755 0.0849823 -1627 105801 298 0.0127726 4.40848e-42 0 0.101369 0 0 3.56307e-40 0 0.885858 0
0.05765 0.0849823 -1627 105801 298 0.0127726 4.40848e-42 0 0.101369 0 0 3.56307e-40 0 0.885858 0
0.05775 0.0849823 -1627 105801 298 0.0127726 4.40848e-42 0 0.101369 0 0 3.56307e-40 0 0.885858 0
0.05785 0.0849823 -1627 105801 298 0.0127726 4.40848e-42 0 0.101369 0 0 3.56307e-40 0 0.885858 0
0.05795 0.0849823 -1627 105801 298 0.0127726 4.40848e-42 0 0.101369 0 0 3.56307e-40 0 0.885858 0
0.05805 0.0849823 -1627 105801 298 0.0127726 4.40848e-42 0 0.101369 0 0 3.56307e-40 0 0.885858 0
0.05815 0.0849823 -1627 105801 298 0.0127726 4.40848e-42 0 0.101369 0 0 3.56307e-40 0 0.885858 0
0.05825 0.0849823 -1627 105801 298 0.0127726 4.40848e-42 0 0.101369 0 0 3.56307e-40 0 0.885858 0
0.05835 0.0849823 -1627 105801 298 0.0127726 4.40848e-42 0 0.101369 0 0 3.56307e-40 0 0.885858 0
0.05845 0.0849823 -1627 105801 298 0.0127726 4.40848e-42 0 0.101369 0 0 3.56307e-40 0 0.885858 0
0.05855 0.0849823 -1627 105801 298 0.0127726 4.40848e-42 0 0.101369 0 0 3.56307e-40 0 0.885858 0
0.05865 0.0849823 -1627 105801 298 0.0127726 4.40848e-42 0 0.101369 0 0 3.56307e-40 0 0.885858 0
0.05875 0.0849823 -1627 105801 298 0.0127726 4.40848e-42 0 0.101369 0 0 3.56307e-40 0 0.885858 0
0.05885 0.0849823 -1627 105801 298 0.0127726 4.40848e-42 0 0.101369 0 0 3.56307e-40 0 0.885858 0
0.05895 0.0849823 -1627 105801 298 0.0127726 4.40848e-42 0 0.101369 0 0 3.56307e-40 0 0.885858 0
0.05905 0.0849823 -1627 105801 298 0.0127726 4.40848e-42 0 0.101369 0 0 3.56307e-40 0 0.885858 0
0.05915 0.0849823 -1627 105801 298 0.0127726 4.40848e-42 0 0.101369 0 0 3.56307e-40 0 0.885858 0
0.05925 0.0849823 -1627 105801 298 0.0127726 4.40848e-42 0 0.101369 0 0 3.56307e-40 0 0.885858 0
0.05935 0.0849823 -1627 105801 298 0.0127726 4.40848e-42 0 0.101369 0 0 3.56307e-40 0 0.885858 0
0.05945 0.0849823 -1627 105801 298 0.0127726 4.40848e-42 0 0.101369 0 0 3.56307e-40 0 0.885858 0
0.05955 0.0849823 -1627 105801 298 0.0127726 4.40848e-42 0 0.101369 0 0 3.56307e-40 0 0.885858 0
0.05965 0.0849823 -1627 105801 298 0.0127726 4.40848e-42 0 0.101369 0 0 3.56307e-40 0 0.885858 0
0.05975 0.0849823 -1627 105801 298 0.0127726 4.40848e-42 0 0.101369 0 0 3.56307e-40 0 0.885858 0
0.05985 0.0849823 -1627 105801 298 0.0127726 4.40848e-42 0 0.101369 0 0 3.56307e-40 0 0.885858 0
0.05995 0.0849823 -1627 105801 298 0.0127726 4.40848e-42 0 0.101369 0 0 3.56307e-40 0 0.885858 0
0.06005 0.0849823 -1627 105801 298 0.0127726 4.40848e-42 0 0.101369 0 0 3.56307e-40 0 0.885858 0
0.06015 0.0849823 -1627 105801 298 0.0127726 4.40848e-42 0 0.101369 0 0 3.56307e-40 0 0.885858 0
0.06025 0.0849823 -1627 105801 298 0.0127726 4.40848e-42 0 0.101369 0 0 3.56307e-40 0 0.885858 0
0.06035 0.0849823 -1627 105801 298 0.0127726 4.40848e-42 0 0.101369 0 0 3.56307e-40 0 0.885858 0
0.06045 0.0849823 -1627 105801 298 0.0127726 4.40848e-42 0 0.101369 0 0 3.56307e-40 0 0.885858 0
0.06055 0.0849823 -1627 105801 298 0.0127726 4.40848e-42 0 0.101369 0 0 3.56307e-40 0 0.885858 0
0.06065 0.0849823 -1627 105801 298 0.0127726 4.40848e-42 0 0.101369 0 0 3.56307e-40 0 0.885858 0
0.06075 0.0849823 -1627 105801 298 0.0127726 4.40848e-42 0 0.101369 0 0 3.56307e-40 0 0.885858 0
0.06085 0.0849823 -1627 105801 298 0.0127726 4.40848e-42 0 0.101369 0 0 3.56307e-40 0 0.885858 0
0.06095 0.0849823 -1627 105801 298 0.0127726 4.40848e-42 0 0.101369 0 0 3.56307e-40 0 0.885858 0
0.06105 0.0849823 -1627 105801 298 0.0127726 4.40848e-42 0 0.101369 0 0 3.56307e-40 0 0.885858 0
0.06115 0.0849823 -1627 105801 298 0.0127726 4.40848e-42 0 0.101369 0 0 3.56307e-40 0 0.885858 0
0.06125 0.0849823 -1627 105801 298 0.0127726 4.40848e-42 0 0.101369 0 0 3.56307e-40 0 0.885858 0
0.06135 0.0849823 -1627 105801 298 0.0127726 4.40848e-42 0 0.101369 0 0 3.56307e-40 0 0.885858 0
0.06145 0.0849823 -1627 105801 298 0.0127726 4.40848e-42 0 0.101369 0 0 3.56307e-40 0 0.885858 0
0.06155 0.0849823 -1627 105801 298 0.0127726 4.40848e-42 0 0.101369 0 0 3.56307e-40 0 0.885858 0
0.06165 0.0849823 -1627 105801 298 0.0127726 4.40848e-42 0 0.101369 0 0 3.56307e-40 0 0.885858 0
0.06175 0.0849823 -1627 105801 298 0.0127726 4.40848e-42 0 0.101369 0 0 3.56307e-40 0 0.885858 0
0.06185 0.0849823 -1627 105801 298 0.0127726 4.40848e-42 0 0.101369 0 0 3.56307e-40 0 0.885858 0
0.06195 0.0849823 -1627 105801 298 0.0127726 4.40848e-42 0 0.101369 0 0 3.56307e-40 0 0.885858 0
0.06205 0.0849823 -1627 105801 298 0.0127726 4.40848e-42 0 0.101369 0 0 3.56307e-40 0 0.885858 0
0.06215 0.0849823 -1627 105801 298 0.0127726 4.40848e-42 0 0.101369 0 0 3.56307e-40 0 0.885858 0
0.06225 0.0849823 -1627 105801 298 0.0127726 4.40848e-42 0 0.101369 0 0 3.56307e-40 0 0.885858 0
0.06235 0.0849823 -1627 105801 298 0.0127726 4.40848e-42 0 0.101369 0 0 3.56307e-40 0 0.885858 0
0.06245 0.0849823 -1627 105801 298 0.0127726 4.40848e-42 0 0.101369 0 0 3.56307e-40 0 0.885858 0
0.06255 0.0849823 -1627 105801 298 0.0127726 4.40848e-42 0 0.101369 0 0 3.56307e-40 0 0.885858 0
0.06265 0.0849823 -1627 105801 298 0.0127726 4.40848e-42 0 0.101369 0 0 3.56307e-40 0 0.885858 0
0.06275 0.0849823 -1627 105801 298 0.0127726 4.40848e-42 0 0.101369 0 0 3.56307e-40 0 0.885858 0
0.06285 0.0849823 -1627 105801 298 0.0127726 4.40848e-42 0 0.101369 0 0 3.56307e-40 0 0.885858 0
0.06295 0.0849823 -1627 105801 298 0.0127726 4.40848e-42 0 0.101369 0 0 3.56307e-40 0 0.885858 0
0.06305 0.0849823 -1627 105801 298 0.0127726 4.40848e-42 0 0.101369 0 0 3.56307e-40 0 0.885858 0
0.06315 0.0849823 -1627 105801 298 0.0127726 4.40848e-42 0 0.101369 0 0 3.56307e-40 0 0.885858 0
0.06325 0.0849823 -1627 105801 298 0.0127726 4.40848e-42 0 0.101369 0 0 3.56307e-40 0 0.885858 0
0.06335 0.0849823 -1627 105801 298 0.0127726 4.40848e-42 0 0.101369 0 0 3.56307e-40 0 0.885858 0
0.06345 0.0849823 -1627 105801 298 0.0127726 4.40848e-42 0 0.101369 0 0 3.56307e-40 0 0.885858 0
0.06355 0.0849823 -1627 105801 298 0.0127726 4.40848e-42 0 0.101369 0 0 3.56307e-40 0 0.885858 0
0.06365 0.0849823 -1627 105801 298 0.0127726 4.40848e-42 0 0.101369 0 0 3.56307e-40 0 0.885858 0
0.06375 0.0849823 -1627 105801 298 0.0127726 4.40848e-42 0 0.101369 0 0 3.56307e-40 0 0.885858 0
0.06385 0.0849823 -1627 105801 298 0.0127726 4.40848e-42 0 0.101369 0 0 3.56307e-40 0 0.885858 0
0.06395 0.0849823 -1627 105801 298 0.0127726 4.40848e-42 0 0.101369 0 0 3.56307e-40 0 0.885858 0
0.06405 0.0849823 -1627 105801 298 0.0127726 4.40848e-42 0 0.101369 0 0 3.56307e-40 0 0.885858 0
0.06415 0.0849823 -1627 105801 298 0.0127726 4.40848e-42 0 0.101369 0 0 3.56307e-40 0 0.885858 0
0.06425 0.0849823 -1627 105801 298 0.0127726 4.40848e-42 0 0.101369 0 0 3.56307e-40 0 0.885858 0
0.06435 0.0849823 -1627 105801 298 0.0127726 4.40848e-42 0 0.101369 0 0 3.56307e-40 0 0.885858 0
0.06445 0.0849823 -1627 105801 298 0.0127726 4.40848e-42 0 0.101369 0 0 3.56307e-40 0 0.885858 0
0.06455 0.0849823 -1627 105801 298 0.0127726 4.40848e-42 0 0.101369 0 0 3.56307e-40 0 0.885858 0
0.06465 0.0849823 -1627 105801 298 0.0127726 4.40848e-42 0 0.101369 0 0 3.56307e-40 0 0.885858 0
0.06475 0.0849823 -1627 105801 298 0.0127726 4.40848e-42 0 0.101369 0 0 3.56307e-40 0 0.885858 0
0.06485 0.0849823 -1627 105801 298 0.0127726 4.40848e-42 0 0.101369 0 0 3.56307e-40 0 0.885858 0
0.06495 0.0849823 -1627 105801 298 0.0127726 4.40848e-42 0 0.101369 0 0 3.56307e-40 0 0.885858 0
0.06505 0.0849823 -1627 105801 298 0.0127726 4.40848e-42 0 0.101369 0 0 3.56307e-40 0 0.885858 0
0.06515 0.0849823 -1627 105801 298 0.0127726 4.40848e-42 0 0.101369 0 0 3.56307e-40 0 0.885858 0
0.06525 0.0849823 -1627 105801 298 0.0127726 4.40848e-42 0 0.101369 0 0 3.56307e-40 0 0.885858 0
0.06535 0.0849823 -1627 105801 298 0.0127726 4.40848e-42 0 0.101369 0 0 3.56307e-40 0 0.885858 0
0.06545 0.0849823 -1627 105801 298 0.0127726 4.40848e-42 0 0.101369 0 0 3.56307e-40 0 0.885858 0
0.06555 0.0849823 -1627 105801 298 0.0127726 4.40848e-42 0 0.101369 0 0 3.56307e-40 0 0.885858 0
0.06565 0.0849823 -1627 105801 298 0.0127726 4.40848e-42 0 0.101369 0 0 3.56307e-40 0 0.885858 0
0.06575 0.0849823 -1627 105801 298 0.0127726 4.40848e-42 0 0.101369 0 0 3.56307e-40 0 0.885858 0
0.06585 0.0849823 -1627 105801 298 0.0127726 4.40848e-42 0 0.101369 0 0 3.56307e-40 0 0.885858 0
0.06595 0.0849823 -1627 105801 298 0.0127726 4.40848e-42 0 0.101369 0 0 3.56307e-40 0 0.885858 0
0.06605 0.0849823 -1627 105801 298 0.0127726 4.40848e-42 0 0.101369 0 0 3.56307e-40 0 0.885858 0
0.06615 0.0849823 -1627 105801 298 0.0127726 4.40848e-42 0 0.101369 0 0 3.56307e-40 0 0.885858 0
0.06625 0.0849823 -1627 105801 298 0.0127726 4.40848e-42 0 0.101369 0 0 3.56307e-40 0 0.885858 0
0.06635 0.0849823 -1627 105801 298 0.0127726 4.40848e-42 0 0.101369 0 0 3.56307e-40 0 0.885858 0
0.06645 0.0849823 -1627 105801 298 0.0127726 4.40848e-42 0 0.101369 0 0 3.56307e-40 0 0.885858 0
0.06655 0.0849823 -1627 105801 298 0.0127726 4.40848e-42 0 0.101369 0 0 3.56307e-40 0 0.885858 0
0.06665 0.0849823 -1627 105801 298 0.0127726 4.40848e-42 0 0.101369 0 0 3.56307e-40 0 0.885858 0
0.06675 0.0849823 -1627 105801 298 0.0127726 4.40848e-42 0 0.101369 0 0 3.56307e-40 0 0.885858 0
0.06685 0.0849823 -1627 105801 298 0.0127726 4.40848e-42 0 0.101369 0 0 3.56307e-40 0 0.885858 0
0.06695 0.0849823 -1627 105801 298 0.0127726 4.40848e-42 0 0.101369 0 0 3.56307e-40 0 0.885858 0
0.06705 0.0849823 -1627 105801 298 0.0127726 4.40848e-42 0 0.101369 0 0 3.56307e-40 0 0.885858 0
0.06715 0.0849823 -1627 105801 298 0.0127726 4.40848e-42 0 0.101369 0 0 3.56307e-40 0 0.885858 0
0.06725 0.0849823 -1627 105801 298 0.0127726 4.40848e-42 0 0.101369 0 0 3.56307e-40 0 0.885858 0
0.06735 0.0849823 -1627 105801 298 0.0127726 4.40848e-42 0 0.101369 0 0 3.56307e-40 0 0.885858 0
0.06745 0.0849823 -1627 105801 298 0.0127726 4.40848e-42 0 0.101369 0 0 3.56307e-40 0 0.885858 0
0.06755 0.0849823 -1627 105801 298 0.0127726 4.40848e-42 0 0.101369 0 0 3.56307e-40 0 0.885858 0
0.06765 0.0849823 -1627 105801 298 0.0127726 4.40848e-42 0 0.101369 0 0 3.56307e-40 0 0.885858 0
0.06775 0.0849823 -1627 105801 298 0.0127726 4.40848e-42 0 0.101369 0 0 3.56307e-40 0 0.885858 0
0.06785 0.0849823 -1627 105801 298 0.0127726 4.40848e-42 0 0.101369 0 0 3.56307e-40 0 0.885858 0
0.06795 0.0849823 -1627 105801 298 0.0127726 4.40848e-42 0 0.101369 0 0 3.56307e-40 0 0.885858 0
0.06805 0.0849823 -1627 105801 298 0.0127726 4.40848e-42 0 0.101369 0 0 3.56307e-40 0 0.885858 0
0.06815 0.0849823 -1627 105801 298 0.0127726 4.40848e-42 0 0.101369 0 0 3.56307e-40 0 0.885858 0
0.06825 0.0849823 -1627 105801 298 0.0127726 4.40848e-42 0 0.101369 0 0 3.56307e-40 0 0.885858 0
0.06835 0.0849823 -1627 105801 298 0.0127726 4.40848e-42 0 0.101369 0 0 3.56307e-40 0 0.885858 0
0.06845 0.0849823 -1627 105801 298 0.0127726 4.40848e-42 0 0.101369 0 0 3.56307e-40 0 0.885858 0
0.06855 0.0849823 -1627 105801 298 0.0127726 4.40848e-42 0 0.101369 0 0 3.56307e-40 0 0.885858 0
0.06865 0.0849823 -1627 105801 298 0.0127726 4.40848e-42 0 0.101369 0 0 3.56307e-40 0 0.885858 0
0.06875 0.0849823 -1627 105801 298 0.0127726 4.40848e-42 0 0.101369 0 0 3.56307e-40 0 0.885858 0
0.06885 0.0849823 -1627 105801 298 0.0127726 4.40848e-42 0 0.101369 0 0 3.56307e-40 0 0.885858 0
0.06895 0.0849823 -1627 105801 298 0.0127726 4.40848e-42 0 0.101369 0 0 3.56307e-40 0 0.885858 0
0.06905 0.0849823 -1627 105801 298 0.0127726 4.40848e-42 0 0.101369 0 0 3.56307e-40 0 0.885858 0
0.06915 0.0849823 -1627 105801 298 0.0127726 4.40848e-42 0 0.101369 0 0 3.56307e-40 0 0.885858 0
0.06925 0.0849823 -1627 105801 298 0.0127726 4.40848e-42 0 0.101369 0 0 3.56307e-40 0 0.885858 0
0.06935 0.0849823 -1627 105801 298 0.0127726 4.40848e-42 0 0.101369 0 0 3.56307e-40 0 0.885858 0
0.06945 0.0849823 -1627 105801 298 0.0127726 4.40848e-42 0 0.101369 0 0 3.56307e-40 0 0.885858 0
0.06955 0.0849823 -1627 105801 298 0.0127726 4.40848e-42 0 0.101369 0 0 3.56307e-40 0 0.885858 0
0.06965 0.0849823 -1627 105801 298 0.0127726 4.40848e-42 0 0.101369 0 0 3.56307e-40 0 0.885858 0
0.06975 0.0849823 -1627 105801 298 0.0127726 4.40848e-42 0 0.101369 0 0 3.56307e-40 0 0.885858 0
0.06985 0.0849823 -1627 105801 298 0.0127726 4.40848e-42 0 0.101369 0 0 3.56307e-40 0 0.885858 0
0.06995 0.0849823 -1627 105801 298 0.0127726 4.40848e-42 0 0.101369 0 0 3.56307e-40 0 0.885858 0
0.07005 0.0849823 -1627 105801 298 0.0127726 4.40848e-42 0 0.101369 0 0 3.56307e-40 0 0.885858 0
0.07015 0.0849823 -1627 105801 298 0.0127726 4.40848e-42 0 0.101369 0 0 3.56307e-40 0 0.885858 0
0.07025 0.0849823 -1627 105801 298 0.0127726 4.40848e-42 0 0.101369 0 0 3.56307e-40 0 0.885858 0
0.07035 0.0849823 -1627 105801 298 0.0127726 4.40848e-42 0 0.101369 0 0 3.56307e-40 0 0.885858 0
0.07045 0.0849823 -1627 105801 298 0.0127726 4.40848e-42 0 0.101369 0 0 3.56307e-40 0 0.885858 0
0.07055 0.0849823 -1627 105801 298 0.0127726 4.40848e-42 0 0.101369 0 0 3.56307e-40 0 0.885858 0
0.07065 0.0849823 -1627 105801 298 0.0127726 4.40848e-42 0 0.101369 0 0 3.56307e-40 0 0.885858 0
0.07075 0.0849823 -1627 105801 298 0.0127726 4.40848e-42 0 0.101369 0 0 3.56307e-40 0 0.885858 0
0.07085 0.0849823 -1627 105801 298 0.0127726 4.40848e-42 0 0.101369 0 0 3.56307e-40 0 0.885858 0
0.07095 0.0849823 -1627 105801 298 0.0127726 4.40848e-42 0 0.101369 0 0 3.56307e-40 0 0.885858 0
0.07105 0.0849823 -1627 105801 298 0.0127726 4.40848e-42 0 0.101369 0 0 3.56307e-40 0 0.885858 0
0.07115 0.0849823 -1627 105801 298 0.0127726 4.40848e-42 0 0.101369 0 0 3.56307e-40 0 0.885858 0
0.07125 0.0849823 -1627 105801 298 0.0127726 4.40848e-42 0 0.101369 0 0 3.56307e-40 0 0.885858 0
0.07135 0.0849823 -1627 105801 298 0.0127726 4.40848e-42 0 0.101369 0 0 3.56307e-40 0 0.885858 0
0.07145 0.0849823 -1627 105801 298 0.0127726 4.40848e-42 0 0.101369 0 0 3.56307e-40 0 0.885858 0
0.07155 0.0849823 -1627 105801 298 0.0127726 4.40848e-42 0 0.101369 0 0 3.56307e-40 0 0.885858 0
0.07165 0.0849823 -1627 105801 298 0.0127726 4.40848e-42 0 0.101369 0 0 3.56307e-40 0 0.885858 0
0.07175 0.0849823 -1627 105801 298 0.0127726 4.40848e-42 0 0.101369 0 0 3.56307e-40 0 0.885858 0
0.07185 0.0849823 -1627 105801 298 0.0127726 4.40848e-42 0 0.101369 0 0 3.56307e-40 0 0.885858 0
0.07195 0.0849823 -1627 105801 298 0.0127726 4.40848e-42 0 0.101369 0 0 3.56307e-40 0 0.885858 0
0.07205 0.0849823 -1627 105801 298 0.0127726 4.40848e-42 0 0.101369 0 0 3.56307e-40 0 0.885858 0
0.07215 0.0849823 -1627 105801 298 0.0127726 4.40848e-42 0 0.101369 0 0 3.56307e-40 0 0.885858 0
0.07225 0.0849823 -1627 105801 298 0.0127726 4.40848e-42 0 0.101369 0 0 3.56307e-40 0 0.885858 0
0.07235 0.0849823 -1627 105801 298 0.0127726 4.40848e-42 0 0.101369 0 0 3.56307e-40 0 0.885858 0
0.07245 0.0849823 -1627 105801 298 0.0127726 4.40848e-42 0 0.101369 0 0 3.56307e-40 0 0.885858 0
0.07255 0.0849823 -1627 105801 298 0.0127726 4.40848e-42 0 0.101369 0 0 3.56307e-40 0 0.885858 0
0.07265 0.0849823 -1627 105801 298 0.0127726 4.40848e-42 0 0.101369 0 0 3.56307e-40 0 0.885858 0
0.07275 0.0849823 -1627 105801 298 0.0127726 4.40848e-42 0 0.101369 0 0 3.56307e-40 0 0.885858 0
0.07285 0.0849823 -1627 105801 298 0.0127726 4.40848e-42 0 0.101369 0 0 3.56307e-40 0 0.885858 0
0.07295 0.0849823 -1627 105801 298 0.0127726 4.40848e-42 0 0.101369 0 0 3.56307e-40 0 0.885858 0
0.07305 0.0849823 -1627 105801 298 0.0127726 4.40848e-42 0 0.101369 0 0 3.56307e-40 0 0.885858 0
0.07315 0.0849823 -1627 105801 298 0.0127726 4.40848e-42 0 0.101369 0 0 3.56307e-40 0 0.885858 0
0.07325 0.0849823 -1627 105801 298 0.0127726 4.40848e-42 0 0.101369 0 0 3.56307e-40 0 0.885858 0
0.07335 0.0849823 -1627 105801 298 0.0127726 4.40848e-42 0 0.101369 0 0 3.56307e-40 0 0.885858 0
0.07345 0.0849823 -1627 105801 298 0.0127726 4.40848e-42 0 0.101369 0 0 3.56307e-40 0 0.885858 0
0.07355 0.0849823 -1627 105801 298 0.0127726 4.40848e-42 0 0.101369 0 0 3.56307e-40 0 0.885858 0
0.07365 0.0849823 -1627 105801 298 0.0127726 4.40848e-42 0 0.101369 0 0 3.56307e-40 0 0.885858 0
0.07375 0.0849823 -1627 105801 298 0.0127726 4.40848e-42 0 0.101369 0 0 3.56307e-40 0 0.885858 0
0.07385 0.0849823 -1627 105801 298 0.0127726 4.40848e-42 0 0.101369 0 0 3.56307e-40 0 0.885858 0
0.07395 0.0849823 -1627 105801 298 0.0127726 4.40848e-42 0 0.101369 0 0 3.56307e-40 0 0.885858 0
0.07405 0.0849823 -1627 105801 298 0.0127726 4.40848e-42 0 0.101369 0 0 3.56307e-40 0 0.885858 0
0.07415 0.0849823 -1627 105801 298 0.0127726 4.40848e-42 0 0.101369 0 0 3.56307e-40 0 0.885858 0
0.07425 0.0849823 -1627 105801 298 0.0127726 4.40848e-42 0 0.101369 0 0 3.56307e-40 0 0.885858 0
0.07435 0.0849823 -1627 105801 298 0.0127726 4.40848e-42 0 0.101369 0 0 3.56307e-40 0 0.885858 0
0.07445 0.0849823 -1627 105801 298 0.0127726 4.40848e-42 0 0.101369 0 0 3.56307e-40 0 0.885858 0
0.07455 0.0849823 -1627 105801 298 0.0127726 4.40848e-42 0 0.101369 0 0 3.56307e-40 0 0.885858 0
0.07465 0.0849823 -1627 105801 298 0.0127726 4.40848e-42 0 0.101369 0 0 3.56307e-40 0 0.885858 0
0.07475 0.0849823 -1627 105801 298 0.0127726 4.40848e-42 0 0.101369 0 0 3.56307e-40 0 0.885858 0
0.07485 0.0849823 -1627 105801 298 0.0127726 4.40848e-42 0 0.101369 0 0 3.56307e-40 0 0.885858 0
0.07495 0.0849823 -1627 105801 298 0.0127726 4.40848e-42 0 0.101369 0 0 3.56307e-40 0 0.885858 0
0.07505 0.0849823 -1627 105801 298 0.0127726 4.40848e-42 0 0.101369 0 0 3.56307e-40 0 0.885858 0
0.07515 0.0849823 -1627 105801 298 0.0127726 4.40848e-42 0 0.101369 0 0 3.56307e-40 0 0.885858 0
0.07525 0.0849823 -1627 105801 298 0.0127726 4.40848e-42 0 0.101369 0 0 3.56307e-40 0 0.885858 0
0.07535 0.0849823 -1627 105801 298 0.0127726 4.40848e-42 0 0.101369 0 0 3.56307e-40 0 0.885858 0
0.07545 0.0849823 -1627 105801 298 0.0127726 4.40848e-42 0 0.101369 0 0 3.56307e-40 0 0.885858 0
0.07555 0.0849823 -1627 105801 298 0.0127726 4.40848e-42 0 0.101369 0 0 3.56307e-40 0 0.885858 0
0.07565 0.0849823 -1627 105801 298 0.0127726 4.40848e-42 0 0.101369 0 0 3.56307e-40 0 0.885858 0
0.07575 0.0849823 -1627 105801 298 0.0127726 4.40848e-42 0 0.101369 0 0 3.56307e-40 0 0.885858 0
0.07585 0.0849823 -1627 105801 298 0.0127726 4.40848e-42 0 0.101369 0 0 3.56307e-40 0 0.885858 0
0.07595 0.0849823 -1627 105801 298 0.0127726 4.40848e-42 0 0.101369 0 0 3.56307e-40 0 0.885858 0
0.07605 0.0849823 -1627 105801 298 0.0127726 4.40848e-42 0 0.101369 0 0 3.56307e-40 0 0.885858 0
0.07615 0.0849823 -1627 105801 298 0.0127726 4.40848e-42 0 0.101369 0 0 3.56307e-40 0 0.885858 0
0.07625 0.0849823 -1627 105801 298 0.0127726 4.40848e-42 0 0.101369 0 0 3.56307e-40 0 0.885858 0
0.07635 0.0849823 -1627 105801 298 0.0127726 4.40848e-42 0 0.101369 0 0 3.56307e-40 0 0.885858 0
0.07645 0.0849823 -1627 105801 298 0.0127726 4.40848e-42 0 0.101369 0 0 3.56307e-40 0 0.885858 0
0.07655 0.0849823 -1627 105801 298 0.0127726 4.40848e-42 0 0.101369 0 0 3.56307e-40 0 0.885858 0
0.07665 0.0849823 -1627 105801 298 0.0127726 4.40848e-42 0 0.101369 0 0 3.56307e-40 0 0.885858 0
0.07675 0.0849823 -1627 105801 298 0.0127726 4.40848e-42 0 0.101369 0 0 3.56307e-40 0 0.885858 0
0.07685 0.0849823 -1627 105801 298 0.0127726 4.40848e-42 0 0.101369 0 0 3.56307e-40 0 0.885858 0
0.07695 0.0849823 -1627 105801 298 0.0127726 4.40848e-42 0 0.101369 0 0 3.56307e-40 0 0.885858 0
0.07705 0.0849823 -1627 105801 298 0.0127726 4.40848e-42 0 0.101369 0 0 3.56307e-40 0 0.885858 0
0.07715 0.0849823 -1627 105801 298 0.0127726 4.40848e-42 0 0.101369 0 0 3.56307e-40 0 0.885858 0
0.07725 0.0849823 -1627 105801 298 0.0127726 4.40848e-42 0 0.101369 0 0 3.56307e-40 0 0.885858 0
0.07735 0.0849823 -1627 105801 298 0.0127726 4.40848e-42 0 0.101369 0 0 3.56307e-40 0 0.885858 0
0.07745 0.0849823 -1627 105801 298 0.0127726 4.40848e-42 0 0.101369 0 0 3.56307e-40 0 0.885858 0
0.07755 0.0849823 -1627 105801 298 0.0127726 4.40848e-42 0 0.101369 0 0 3.56307e-40 0 0.885858 0
0.07765 0.0849823 -1627 105801 298 0.0127726 4.40848e-42 0 0.101369 0 0 3.56307e-40 0 0.885858 0
0.07775 0.0849823 -1627 105801 298 0.0127726 4.40848e-42 0 0.101369 0 0 3.56307e-40 0 0.885858 0
0.07785 0.0849823 -1627 105801 298 0.0127726 4.40848e-42 0 0.101369 0 0 3.56307e-40 0 0.885858 0
0.07795 0.0849823 -1627 105801 298 0.0127726 4.40848e-42 0 0.101369 0 0 3.56307e-40 0 0.885858 0
0.07805 0.0849823 -1627 105801 298 0.0127726 4.40848e-42 0 0.101369 0 0 3.56307e-40 0 0.885858 0
0.07815 0.0849823 -1627 105801 298 0.0127726 4.40848e-42 0 0.101369 0 0 3.56307e-40 0 0.885858 0
0.07825 0.0849823 -1627 105801 298 0.0127726 4.40848e-42 0 0.101369 0 0 3.56307e-40 0 0.885858 0
0.07835 0.0849823 -1627 105801 298 0.0127726 4.40848e-42 0 0.101369 0 0 3.56307e-40 0 0.885858 0
0.07845 0.0849823 -1627 105801 298 0.0127726 4.40848e-42 0 0.101369 0 0 3.56307e-40 0 0.885858 0
0.07855 0.0849823 -1627 105801 298 0.0127726 4.40848e-42 0 0.101369 0 0 3.56307e-40 0 0.885858 0
0.07865 0.0849823 -1627 105801 298 0.0127726 4.40848e-42 0 0.101369 0 0 3.56307e-40 0 0.885858 0
0.07875 0.0849823 -1627 105801 298 0.0127726 4.40848e-42 0 0.101369 0 0 3.56307e-40 0 0.885858 0
0.07885 0.0849823 -1627 105801 298 0.0127726 4.40848e-42 0 0.101369 0 0 3.56307e-40 0 0.885858 0
0.07895 0.0849823 -1627 105801 298 0.0127726 4.40848e-42 0 0.101369 0 0 3.56307e-40 0 0.885858 0
0.07905 0.0849823 -1627 105801 298 0.0127726 4.40848e-42 0 0.101369 0 0 3.56307e-40 0 0.885858 0
0.07915 0.0849823 -1627 105801 298 0.0127726 4.40848e-42 0 0.101369 0 0 3.56307e-40 0 0.885858 0
0.07925 0.0849823 -1627 105801 298 0.0127726 4.40848e-42 0 0.101369 0 0 3.56307e-40 0 0.885858 0
0.07935 0.0849823 -1627 105801 298 0.0127726 4.40848e-42 0 0.101369 0 0 3.56307e-40 0 0.885858 0
0.07945 0.0849823 -1627 105801 298 0.0127726 4.40848e-42 0 0.101369 0 0 3.56307e-40 0 0.885858 0
0.07955 0.0849823 -1627 105801 298 0.0127726 4.40848e-42 0 0.101369 0 0 3.56307e-40 0 0.885858 0
0.07965 0.0849823 -1627 105801 298 0.0127726 4.40848e-42 0 0.101369 0 0 3.56307e-40 0 0.885858 0
0.07975 0.0849823 -1627 105801 298 0.0127726 4.40848e-42 0 0.101369 0 0 3.56307e-40 0 0.885858 0
0.07985 0.0849823 -1627 105801 298 0.0127726 4.40848e-42 0 0.101369 0 0 3.56307e-40 0 0.885858 0
0.07995 0.0849823 -1627 105801 298 0.0127726 4.40848e-42 0 0.101369 0 0 3.56307e-40 0 0.885858 0
